5.255200600600342664e-01 4.368195307000963257e-01 3.800366453063886429e-01 1.650244528980776559e-01 1.474308198304136730e-01 2.402744751416788782e-01 2.975986669892413117e-01
5.369989306811073781e-01 2.870061816833033297e-01 3.236100637629770183e-01 5.103357889469416486e-01 5.653510225328093330e-01 3.609265435370650477e-01 2.500536611776296159e-01
3.419602046381162164e-01 2.305382241637900786e-01 2.494356448899260059e-01 1.574904491851050192e-01 2.768806847702365292e-01 2.984123046430552373e-01 3.155343905785033543e-01
1.690659252115631062e-01 2.049932173188169782e-01 2.942799669604887480e-01 1.609236600667269812e-01 1.769527356255517353e-02 1.407025208057694210e-01 2.854350287320838730e-01
3.501781190302649671e-01 3.321262792090749483e-01 2.826085878701317666e-01 2.472749187781399238e-01 1.809702830427014353e-01 2.926254151626616062e-01 1.778507560341994476e-01
3.117485874086461939e-01 1.100489515610067054e-01 2.175271979232301922e-01 7.284553257568138207e-02 3.806159753793862399e-01 4.334351608346614926e-01 2.819527808738596653e-01
1.730109758435998402e-01 1.930020702291499191e-01 2.069971713455074913e-01 1.669254967142044799e-01 1.307751046396364580e-01 1.588099510581190421e-01 2.415087742940672799e-01
0.000000000000000000e+00 0.000000000000000000e+00 0.000000000000000000e+00 0.000000000000000000e+00 0.000000000000000000e+00 0.000000000000000000e+00 0.000000000000000000e+00
4.962583765409296910e-01 4.250365100504376881e-01 1.997082812732149659e-01 8.101617024693591462e-02 4.040461513693747730e-01 2.391458411820586438e-01 4.115179719812885883e-01
9.236646230972954674e-01 8.740964905737008683e-01 6.747601878052768010e-01 5.985987681579235664e-01 7.582989603096451647e-01 3.728575062797676032e-01 1.065853567392323065e-01
5.799785841739483194e-01 5.021165727379524046e-01 3.044637664000974242e-01 4.216585334684098130e-01 2.512501827595001180e-01 4.524289724780510280e-01 4.046632769548918485e-01
9.886426707681312820e-01 9.842563443375217380e-01 9.813394035315174957e-01 9.648351735719494782e-01 8.611476247091025549e-01 5.040873011482411847e-01 1.359615488255030702e-01
0.000000000000000000e+00 0.000000000000000000e+00 0.000000000000000000e+00 0.000000000000000000e+00 0.000000000000000000e+00 0.000000000000000000e+00 0.000000000000000000e+00
0.000000000000000000e+00 0.000000000000000000e+00 0.000000000000000000e+00 0.000000000000000000e+00 0.000000000000000000e+00 0.000000000000000000e+00 0.000000000000000000e+00
0.000000000000000000e+00 0.000000000000000000e+00 0.000000000000000000e+00 0.000000000000000000e+00 0.000000000000000000e+00 0.000000000000000000e+00 0.000000000000000000e+00
9.929686416110328206e-01 9.946610591959595959e-01 9.895740193789241967e-01 9.655637030477678406e-01 8.316739078670043472e-01 2.260986701993221160e-01 2.062198179906735984e-01
9.487471516787098214e-01 8.718160698588052204e-01 7.218183635342154680e-01 4.932481458774147232e-01 2.795303808181863192e-01 4.534289041296029471e-02 2.984647991244954723e-01
9.973902325228934940e-01 9.974777488540707004e-01 9.968432830302392800e-01 9.902963839654732592e-01 9.504323370447923525e-01 4.374260787070397005e-01 2.387581076448409556e-01
9.736964820439962809e-01 9.555844255138961074e-01 9.248454220677869708e-01 7.477713269880046365e-01 4.699750478890203365e-01 8.918157968271421543e-02 1.683804434409784667e-01
6.861732744452441191e-01 2.765626424546758222e-01 1.384530768130322609e-01 1.370373026779010961e-01 2.140451078272461172e-01 9.637016431839492969e-02 6.753301163339417434e-02
8.917218688261320247e-01 7.067819349359301118e-01 3.320926205230658179e-01 9.976134729368982268e-02 2.282753110252217776e-01 1.516217658015003300e-01 2.483736292183854610e-01
6.643371311602186413e-01 5.715156531773152304e-01 4.650520314616914952e-01 3.593267517495417618e-01 1.222327193534542139e-01 3.504229506937622807e-01 1.450191692054874359e-01
9.845119044453366497e-01 9.744300780851606891e-01 9.690276447612969912e-01 9.824859675565561501e-01 9.008397625853319379e-01 9.374079192126993920e-01 9.027087088716777563e-01
