2.975060929956416658e+02 2.832560929956416658e+02 2.665060929956416658e+02 2.637560929956416658e+02 2.075060929956416658e+02 2.470060929956416658e+02 2.702560929956416658e+02
2.894258121421590886e+02 2.926758121421590886e+02 2.894258121421590886e+02 2.889258121421590886e+02 2.994258121421590886e+02 2.409258121421590886e+02 2.474258121421590886e+02
2.498786115021586625e+02 2.403786115021586625e+02 2.611286115021586625e+02 2.631286115021586625e+02 1.106286115021586625e+02 1.108786115021586625e+02 2.851286115021586625e+02
2.739069109198494516e+02 1.164069109198494516e+02 1.274069109198494516e+02 3.246569109198494516e+02 1.096569109198494516e+02 1.399069109198494516e+02 1.364069109198494516e+02
4.906636136811175675e+01 4.931636136811175675e+01 5.031636136811175675e+01 5.206636136811175675e+01 5.306636136811175675e+01 2.278163613681117567e+02 2.353163613681117567e+02
2.932890469742681034e+02 7.503904697426810344e+01 7.078904697426810344e+01 3.147890469742681034e+02 2.552890469742681034e+02 2.802890469742681034e+02 3.030390469742681034e+02
2.790031049536753471e+02 4.550310495367534713e+01 7.625310495367534713e+01 8.625310495367534713e+01 6.175310495367534713e+01 2.025031049536753471e+02 2.147531049536753471e+02
0.000000000000000000e+00 0.000000000000000000e+00 0.000000000000000000e+00 0.000000000000000000e+00 0.000000000000000000e+00 0.000000000000000000e+00 0.000000000000000000e+00
2.683405503089043123e+02 2.863405503089043123e+02 3.015905503089043123e+02 1.284055030890431226e+01 4.434055030890431226e+01 8.840550308904312260e+00 2.783405503089043123e+02
2.757239966652343810e+02 2.744739966652343810e+02 2.797239966652343810e+02 2.952239966652343810e+02 2.954739966652343810e+02 2.602239966652343810e+02 1.809739966652344094e+02
2.557994538738320500e+02 2.122994538738320500e+02 1.837994538738320500e+02 2.045494538738320500e+02 2.747994538738320216e+02 3.477994538738320216e+02 5.799453873832050022e+00
2.821299707702643218e+02 2.848799707702643218e+02 2.841299707702643218e+02 2.843799707702643218e+02 2.978799707702643218e+02 2.941299707702643218e+02 3.687997077026432180e+01
0.000000000000000000e+00 0.000000000000000000e+00 0.000000000000000000e+00 0.000000000000000000e+00 0.000000000000000000e+00 0.000000000000000000e+00 0.000000000000000000e+00
0.000000000000000000e+00 0.000000000000000000e+00 0.000000000000000000e+00 0.000000000000000000e+00 0.000000000000000000e+00 0.000000000000000000e+00 0.000000000000000000e+00
0.000000000000000000e+00 0.000000000000000000e+00 0.000000000000000000e+00 0.000000000000000000e+00 0.000000000000000000e+00 0.000000000000000000e+00 0.000000000000000000e+00
2.801880629974535850e+02 2.794380629974535850e+02 2.809380629974535850e+02 2.861880629974535850e+02 2.841880629974535850e+02 2.891880629974535850e+02 1.671880629974535850e+02
2.867832256979832550e+02 2.820332256979832550e+02 2.877832256979832550e+02 2.997832256979832550e+02 3.182832256979832550e+02 3.410332256979832550e+02 5.753322569798325503e+01
2.791324028224780704e+02 2.813824028224780704e+02 2.833824028224780704e+02 2.813824028224780704e+02 2.823824028224780704e+02 3.023824028224780704e+02 3.466324028224780704e+02
2.849868745315806109e+02 2.907368745315806109e+02 2.919868745315806109e+02 2.852368745315806109e+02 2.702368745315806109e+02 2.439868745315806109e+02 5.898687453158061089e+01
2.786709414781160490e+02 2.911709414781160490e+02 2.617094147811604898e+01 3.817094147811604898e+01 2.971709414781160490e+02 3.554209414781160490e+02 2.531709414781160490e+02
2.646123672077970923e+02 2.678623672077970923e+02 2.768623672077970923e+02 1.136123672077970923e+02 1.056123672077970923e+02 9.811236720779709231e+01 7.011236720779709231e+01
2.810310171547536129e+02 2.697810171547536129e+02 2.537810171547536129e+02 2.370310171547536129e+02 6.503101715475361289e+01 5.378101715475361289e+01 2.378101715475361289e+01
2.822067958642073791e+02 2.777067958642073791e+02 2.724567958642073791e+02 2.792067958642073791e+02 2.922067958642073791e+02 2.904567958642073791e+02 2.814567958642073791e+02
