2.827671819604746922e-02 4.516036940918276288e-02 3.570968859739549472e-01 1.540383629571688839e-01 1.377856920330573220e-01 8.658599698655558563e-02 2.922159503917514181e-02
3.308331435225889683e-01 2.043233512061279344e-01 1.904264462050275775e-01 1.890952777027500031e-01 6.427045487212401653e-01 5.434078018279471234e-01 3.780236578298536432e-01
2.037628959384212013e-01 2.243755588443092919e-01 3.139359603922519670e-01 4.700321451990791544e-01 4.553239189055900416e-01 3.734581709658782445e-01 2.775192984967515542e-01
1.113098906843725949e-01 2.695278351141900952e-01 3.198176010641511913e-01 2.682506590800547430e-01 2.210653498451265186e-01 7.015667483593676645e-02 2.470334613910846189e-01
4.933580022298342804e-01 1.156440827380897512e-01 1.588243380749528311e-01 1.865063879099571609e-01 1.724677328026309464e-01 7.890383095261838120e-02 5.104917761729845654e-02
1.112968459508222319e-01 2.330109676362580318e-01 1.355879867938573902e-01 1.039948324250754980e-01 3.295033183347614303e-01 5.765623141780613636e-01 2.324093745793391896e-01
9.544310098505015549e-02 1.568413303695204153e-01 1.279877683524661136e-01 4.431095114336489060e-01 4.497200883670375848e-01 1.027462245426132154e-01 1.167756380776261010e-01
0.000000000000000000e+00 0.000000000000000000e+00 0.000000000000000000e+00 0.000000000000000000e+00 0.000000000000000000e+00 0.000000000000000000e+00 0.000000000000000000e+00
3.083153316734872917e-01 1.517532325472233934e-01 1.191854939183114304e-01 5.936232108826523524e-01 8.012272916764731079e-01 6.426198025600995400e-01 2.424923458863689762e-01
6.042662054617712331e-01 5.376490880876282352e-01 3.254002789950685148e-01 1.586672269135312174e-01 2.522055003765947823e-01 1.485861641526670385e-01 2.402876474760141934e-01
1.726302194621661956e-01 1.530240265816646961e-01 1.404147335972349975e-01 3.276052604155342829e-01 1.093516264512907760e-01 1.844377279584410168e-01 5.056802420298981554e-02
7.672408248611471970e-01 6.504082044169030574e-01 3.809791764183549923e-01 1.175906342165563001e-01 1.246452343621109460e-01 2.745680291409464124e-01 2.494724625953399777e-01
0.000000000000000000e+00 0.000000000000000000e+00 0.000000000000000000e+00 0.000000000000000000e+00 0.000000000000000000e+00 0.000000000000000000e+00 0.000000000000000000e+00
0.000000000000000000e+00 0.000000000000000000e+00 0.000000000000000000e+00 0.000000000000000000e+00 0.000000000000000000e+00 0.000000000000000000e+00 0.000000000000000000e+00
0.000000000000000000e+00 0.000000000000000000e+00 0.000000000000000000e+00 0.000000000000000000e+00 0.000000000000000000e+00 0.000000000000000000e+00 0.000000000000000000e+00
3.998119241671981294e-01 3.568409721096860721e-01 2.630605838776551852e-01 1.234321907459208778e-01 6.369194080024495053e-01 1.560178032251095526e-01 2.438600659038369367e-01
1.895849677834373359e-01 1.062439252540369056e-01 1.788526916785370680e-01 5.705847619988601432e-02 1.973047206222384442e-01 2.110160159320196294e-01 1.718640603550115054e-01
3.592626726108723578e-01 2.401190880991042054e-01 2.085985964256381955e-02 2.447375637866117115e-01 1.778110669075728262e-02 1.992938893198342998e-01 3.188165401190803938e-01
3.631338211256437409e-01 3.232293042521161008e-01 1.480510798733140621e-01 2.473072869929612838e-01 1.561586206282776779e-01 2.649649481142814511e-01 4.269579721979294695e-01
1.671975689432290413e-01 1.987291624097937692e-01 4.235535435531135318e-01 2.917530250482329723e-01 2.546077810003579134e-01 2.615127759573601107e-01 1.269562312148861949e-01
2.717358562976510683e-01 5.180863076316261778e-02 3.057211174931953046e-01 1.730919443940802105e-01 5.383478396250929165e-01 9.431831404729348889e-02 5.190154849050786501e-01
9.154521370104954370e-01 9.056663157133031383e-01 7.362888710211725751e-01 3.485469416784247043e-01 1.799107981757400998e-01 4.386183717226773693e-01 5.861970040584442154e-01
8.035935007090467819e-01 7.487805051494995645e-01 4.384203712309832079e-01 2.775271151287010962e-01 2.592754377862577231e-01 8.665541470545229386e-02 6.186452811527538842e-02
