4.125609299564166577e+01 1.505060929956416658e+02 2.722560929956416658e+02 8.450609299564166577e+01 8.325609299564166577e+01 2.787560929956416658e+02 1.992560929956416658e+02
2.899258121421590886e+02 2.159258121421590886e+02 1.594258121421590886e+02 1.169258121421590886e+02 1.036758121421590886e+02 1.049258121421590886e+02 1.061758121421590886e+02
1.081286115021586625e+02 1.098786115021586625e+02 2.873786115021586625e+02 2.853786115021586625e+02 2.838786115021586625e+02 2.828786115021586625e+02 2.828786115021586625e+02
2.579069109198494516e+02 3.161569109198494516e+02 3.196569109198494516e+02 3.214069109198494516e+02 3.209069109198494516e+02 1.439069109198494516e+02 1.419069109198494516e+02
4.931636136811175675e+01 5.006636136811175675e+01 2.295663613681117567e+02 2.295663613681117567e+02 2.293163613681117567e+02 4.956636136811175675e+01 2.138163613681117567e+02
3.522890469742681034e+02 3.220390469742681034e+02 2.387890469742681034e+02 2.862890469742681034e+02 2.970390469742681034e+02 2.915390469742681034e+02 2.962890469742681034e+02
2.005031049536753471e+02 2.215031049536753471e+02 3.250310495367534713e+01 3.550310495367534713e+01 3.600310495367534713e+01 3.650310495367534713e+01 2.067531049536753471e+02
0.000000000000000000e+00 0.000000000000000000e+00 0.000000000000000000e+00 0.000000000000000000e+00 0.000000000000000000e+00 0.000000000000000000e+00 0.000000000000000000e+00
2.513405503089043123e+02 2.713405503089043123e+02 2.808405503089043123e+02 2.675905503089043123e+02 2.668405503089043123e+02 2.618405503089043123e+02 2.643405503089043123e+02
2.519739966652343810e+02 2.212239966652343810e+02 2.372239966652343810e+02 1.807239966652343810e+02 1.154739966652343810e+02 1.432239966652343810e+02 2.569739966652343810e+02
2.907994538738320216e+02 1.852994538738320216e+02 2.412994538738320216e+02 3.185494538738320216e+02 2.770494538738320216e+02 1.757994538738320216e+02 2.317994538738320216e+02
3.043799707702643218e+02 3.018799707702643218e+02 2.638799707702643218e+02 3.333799707702643218e+02 1.003799707702643218e+02 2.411299707702643218e+02 2.253799707702643218e+02
0.000000000000000000e+00 0.000000000000000000e+00 0.000000000000000000e+00 0.000000000000000000e+00 0.000000000000000000e+00 0.000000000000000000e+00 0.000000000000000000e+00
0.000000000000000000e+00 0.000000000000000000e+00 0.000000000000000000e+00 0.000000000000000000e+00 0.000000000000000000e+00 0.000000000000000000e+00 0.000000000000000000e+00
0.000000000000000000e+00 0.000000000000000000e+00 0.000000000000000000e+00 0.000000000000000000e+00 0.000000000000000000e+00 0.000000000000000000e+00 0.000000000000000000e+00
2.426880629974535850e+02 2.551880629974535850e+02 2.594380629974535850e+02 6.168806299745358501e+01 6.593806299745358501e+01 2.956880629974535850e+02 2.636880629974535850e+02
3.330332256979832550e+02 8.928322569798325503e+01 6.453322569798325503e+01 1.703322569798325503e+01 6.028322569798325503e+01 5.778322569798325503e+01 1.062832256979832550e+02
2.878824028224780704e+02 2.793824028224780704e+02 3.133824028224780704e+02 1.696324028224780704e+02 8.688240282247807045e+01 3.453824028224780704e+02 1.893824028224780704e+02
1.079868745315806109e+02 2.694868745315806109e+02 2.804868745315806109e+02 2.539868745315806109e+02 1.752368745315806109e+02 1.944868745315806109e+02 2.732368745315806109e+02
2.766709414781160490e+02 2.644209414781160490e+02 4.067094147811604898e+01 4.117094147811604898e+01 2.209209414781160490e+02 9.670941478116048984e+00 2.317094147811604898e+01
9.986236720779709231e+01 3.208623672077970923e+02 3.318623672077970923e+02 2.276123672077970923e+02 2.298623672077970923e+02 2.578623672077970923e+02 5.211236720779709231e+01
2.920310171547536129e+02 2.900310171547536129e+02 2.850310171547536129e+02 2.700310171547536129e+02 1.667810171547536129e+02 2.660310171547536129e+02 2.707810171547536129e+02
2.877067958642073791e+02 2.844567958642073791e+02 3.142067958642073791e+02 8.895679586420737905e+01 1.607067958642073791e+02 6.456795864207379054e+00 2.232067958642073791e+02
