Time Lon Lat Dep(km) Mag
2015-12-25T19:14:47.190000Z 71.1263 36.4935 206.0 6.3
2015-12-24T19:44:03.130000Z -123.1158 -55.755 12.28 6.2
2015-12-20T18:47:36.610000Z 117.6359 3.6455 14.0 6.1
2015-12-19T02:10:53.360000Z 169.3857 -18.3819 10.0 6.0
2015-12-17T19:49:53.050000Z -93.6294 15.8009 85.0 6.6
2015-12-09T12:58:01.780000Z 175.2475 -16.7374 10.0 6.1
2015-12-09T10:21:48.530000Z 129.5079 -4.1064 21.0 6.9
2015-12-07T07:50:05.950000Z 72.7797 38.2107 22.0 7.2
2015-12-04T22:25:00.110000Z 85.0913 -47.6165 35.0 7.1
2015-11-27T21:00:22.920000Z -70.6009 -24.828 34.0 6.2
2015-11-26T05:45:18.400000Z -71.2574 -9.1825 602.75 6.7
2015-11-24T22:50:54.370000Z -71.0184 -10.0598 620.56 7.6
2015-11-24T22:45:38.880000Z -70.9437 -10.5372 606.21 7.6
2015-11-24T13:21:35.730000Z 145.2659 18.7787 586.88 6.0
2015-11-21T09:06:13.460000Z 129.9375 -7.1484 82.0 6.1
2015-11-18T18:31:04.570000Z 158.4217 -8.8994 12.59 6.8
2015-11-17T07:10:07.300000Z 20.6 38.67 11.0 6.5
2015-11-13T20:51:31.030000Z 128.8729 31.0009 12.0 6.7
2015-11-11T02:46:19.830000Z -72.0585 -29.5097 10.0 6.9
2015-11-11T01:54:38.570000Z -72.0068 -29.5067 12.0 6.9
2015-11-09T16:03:46.070000Z -173.0746 51.6394 15.0 6.5
2015-11-08T16:47:02.160000Z 94.648 6.8431 10.0 6.6
2015-11-07T07:31:43.870000Z -71.4519 -30.8796 46.0 6.8
2015-11-07T07:04:31.380000Z -72.3015 -29.4642 13.0 6.2
2015-11-04T03:44:15.190000Z 124.8754 -8.3381 20.0 6.5
2015-10-26T09:09:42.560000Z 70.3676 36.5244 231.0 7.5
2015-10-23T04:04:18.140000Z 37.1711 -45.8146 10.0 6.0
2015-10-23T04:04:18.000000Z 37.17 -45.81 10.0 6.0
2015-10-23T01:40:06.320000Z 6.1653 -54.2258 11.0 6.2
2015-10-20T21:52:02.560000Z 167.3028 -14.8595 135.0 7.1
2015-10-18T16:18:35.520000Z -173.2608 -16.2018 12.0 6.0
2015-10-14T05:43:08.300000Z 156.2259 48.8595 12.0 6.0
2015-10-14T05:43:08.000000Z 156.23 48.86 12.0 6.0
2015-10-11T00:58:27.170000Z -135.708 -54.4856 10.0 6.1
2015-09-28T15:28:05.000000Z -66.6 -23.8 219.0 6.0
2015-09-26T02:51:18.830000Z -71.3217 -30.8148 46.0 6.3
2015-09-24T15:53:27.740000Z 131.2622 -0.6212 18.0 6.6
2015-09-24T15:53:27.000000Z 131.26 -0.62 18.0 6.6
2015-09-22T07:13:00.520000Z -71.2653 -31.4441 58.0 6.0
2015-09-22T07:13:00.000000Z -71.26 -31.44 58.0 6.1
2015-09-21T17:40:00.060000Z -71.3792 -31.7275 35.0 6.6
2015-09-21T05:39:34.910000Z -71.7431 -31.5757 30.0 6.1
2015-09-21T05:39:34.000000Z -71.74 -31.58 30.0 6.1
2015-09-19T12:52:20.920000Z -72.0629 -32.3335 18.0 6.2
2015-09-19T12:52:20.000000Z -72.07 -32.33 18.0 6.2
2015-09-19T05:06:47.500000Z -72.077 -29.6411 6.0 6.1
2015-09-18T15:59:42.640000Z -45.9886 15.2767 10.0 6.0
2015-09-18T09:10:44.730000Z -72.2292 -32.3681 8.0 6.2
2015-09-17T04:10:27.780000Z -71.804 -31.5173 23.0 6.7
2015-09-17T04:10:27.000000Z -71.81 -31.52 23.0 6.8
2015-09-17T03:55:15.430000Z -71.6876 -31.4244 27.0 6.5
2015-09-17T01:41:05.870000Z -71.6504 -31.1043 42.32 6.4
2015-09-16T23:18:41.850000Z -71.4262 -31.5622 28.41 7.0
2015-09-16T23:16:09.440000Z -71.9189 -31.6 35.0 6.1
2015-09-16T23:03:56.560000Z -71.7425 -31.7502 19.1 6.1
2015-09-16T22:59:15.000000Z -71.745 -31.618 26.7 6.4
2015-09-16T22:54:32.860000Z -71.6744 -31.5729 22.44 8.3
2015-09-16T14:03:22.110000Z 151.4768 -6.0114 6.0 6.1
2015-09-16T07:40:58.690000Z 126.4288 1.8841 41.55 6.3
2015-09-16T07:40:58.000000Z 126.43 1.88 41.5 6.3
2015-09-13T08:14:08.560000Z -109.6226 24.913 10.0 6.7
2015-09-10T10:26:44.810000Z -169.5349 52.0985 20.0 6.0
2015-09-07T09:13:56.600000Z -177.8599 -32.8199 17.0 6.3
2015-09-07T08:46:09.050000Z 179.1278 -24.2427 535.0 6.0
2015-09-01T15:25:09.520000Z 141.6 31.1806 8.0 6.0
2015-08-24T09:41:26.630000Z -178.7298 -30.6502 228.0 6.0
2015-08-15T07:47:06.500000Z 163.8226 -10.8968 8.0 6.4
2015-08-13T10:39:53.840000Z 78.0623 -37.0152 10.0 6.0
2015-08-12T18:49:24.080000Z 157.8772 -9.3293 6.43 6.5
2015-08-10T04:12:15.810000Z 158.0525 -9.3438 22.0 6.6
2015-08-06T23:59:46.290000Z -178.2511 -26.4576 269.0 6.0
2015-07-29T02:35:59.000000Z -153.1961 59.8935 119.3 6.3
2015-07-27T21:41:21.710000Z 138.5277 -2.6286 48.0 7.0
2015-07-27T04:49:46.400000Z -169.4458 52.376 29.0 6.9
2015-07-18T02:27:33.820000Z 165.1409 -10.4012 11.0 7.0
2015-07-16T15:16:33.780000Z -58.5479 13.8672 20.0 6.5
2015-07-10T04:12:42.540000Z 158.403 -9.307 12.0 6.7
2015-07-07T05:10:28.120000Z 147.9748 43.9097 49.0 6.3
2015-07-03T06:43:21.540000Z 125.8907 10.1691 32.0 6.1
2015-07-03T01:07:47.290000Z 78.1542 37.4593 20.0 6.4
2015-07-01T19:35:21.460000Z 162.5558 -10.9911 12.0 6.0
2015-06-30T03:39:29.410000Z 151.5457 -5.4513 43.0 6.0
2015-06-25T18:45:57.450000Z -178.3241 -32.0722 10.0 6.0
2015-06-23T12:18:30.270000Z 139.7254 27.7375 460.0 6.5
2015-06-21T21:28:16.270000Z -178.3276 -20.4307 562.61 6.0
2015-06-20T02:10:07.100000Z -73.812 -36.3601 11.0 6.4
2015-06-17T12:51:32.790000Z -17.1605 -35.3639 10.0 7.0
2015-06-12T11:07:08.040000Z -173.0098 -15.6758 48.0 6.0
2015-06-10T13:52:09.770000Z -68.4323 -22.4 124.0 6.0
2015-06-08T06:01:08.300000Z 142.0308 41.5615 42.0 6.1
2015-06-04T23:15:43.910000Z 116.5409 5.9867 10.0 6.0
2015-05-30T18:49:07.340000Z 142.9722 30.7856 6.05 6.2
2015-05-30T17:18:35.040000Z -173.3817 -15.7216 10.0 6.0
2015-05-30T11:23:02.110000Z 140.4931 27.8386 664.0 7.8
2015-05-29T07:00:09.000000Z -156.43 56.594 72.6 6.7
2015-05-24T14:38:59.510000Z -175.9627 -19.3933 10.0 6.2
2015-05-24T04:53:23.630000Z -14.1708 -16.855 10.0 6.3
2015-05-22T23:59:33.770000Z 163.2154 -11.1093 10.0 6.8
2015-05-22T21:45:19.480000Z 163.6959 -11.0559 11.19 6.9
2015-05-20T22:48:53.420000Z 164.1694 -10.8759 11.0 6.8
2015-05-20T00:30:54.700000Z -175.5247 -19.3021 203.0 6.0
2015-05-19T15:25:21.080000Z -132.1618 -54.3312 7.2 6.7
2015-05-15T20:26:56.870000Z 102.2191 -2.542 151.0 6.0
2015-05-12T21:12:58.890000Z 142.0317 38.9056 35.0 6.8
2015-05-12T07:36:54.490000Z 86.1617 27.625 15.0 6.3
2015-05-12T07:05:19.730000Z 86.0655 27.8087 15.0 7.3
2015-05-10T21:25:46.440000Z 142.0157 31.2373 6.0 6.0
2015-05-07T07:10:19.590000Z 154.5567 -7.2175 10.0 7.1
2015-05-05T01:44:06.380000Z 151.8751 -5.4624 55.0 7.5
2015-05-03T22:32:39.010000Z 151.6757 -5.6314 24.0 6.0
2015-05-01T08:06:52.250000Z 151.8715 -5.4912 35.0 6.0
2015-05-01T08:06:03.480000Z 151.7773 -5.2005 44.0 6.8
2015-04-30T10:45:02.930000Z 151.7706 -5.375 31.0 6.7
2015-04-28T16:39:39.190000Z -178.6329 -20.8865 581.0 6.1
2015-04-26T07:09:10.670000Z 86.0173 27.7711 22.91 6.7
2015-04-25T06:45:21.320000Z 84.8216 28.2244 10.0 6.6
2015-04-25T06:15:22.910000Z 85.5398 27.6285 10.0 6.1
2015-04-25T06:11:25.950000Z 84.7314 28.2305 8.22 7.8
2015-04-24T13:56:15.180000Z -130.7714 51.6148 8.0 6.2
2015-04-24T03:36:42.400000Z 173.0066 -42.0602 48.0 6.1
2015-04-22T22:57:15.650000Z 166.432 -12.039 72.0 6.2
2015-04-20T12:00:00.070000Z 122.4532 24.0471 29.0 6.1
2015-04-20T11:45:13.440000Z 122.453 24.0851 29.0 6.0
2015-04-20T01:42:58.380000Z 122.3158 24.2026 29.0 6.4
2015-04-17T15:52:51.480000Z -178.6005 -15.8815 10.0 6.5
2015-04-16T18:07:43.610000Z 26.8235 35.1891 20.0 6.0
2015-04-07T00:46:21.830000Z -173.2247 -15.1676 30.0 6.3
2015-03-31T12:18:24.200000Z 152.49 -4.8946 39.0 6.0
2015-03-30T08:48:25.340000Z -173.0293 -15.4994 11.0 6.5
2015-03-30T08:18:01.340000Z -172.9409 -15.392 14.54 6.4
2015-03-30T07:56:53.230000Z -173.049 -15.4296 10.0 6.0
2015-03-29T23:48:31.010000Z 152.5623 -4.7294 41.0 7.5
2015-03-18T18:27:29.500000Z -73.5219 -36.1167 13.0 6.2
2015-03-17T22:12:28.940000Z 126.5217 1.6686 44.0 6.2
2015-03-15T23:17:16.910000Z 122.3067 -0.5409 31.0 6.1
2015-03-10T20:55:44.370000Z -72.9875 6.7757 155.0 6.2
2015-03-06T08:22:18.960000Z 80.6046 -41.3157 10.0 6.0
2015-03-03T10:37:30.050000Z 98.7161 -0.7789 28.0 6.1
2015-02-27T13:45:05.370000Z 122.5348 -7.2968 552.06 7.0
2015-02-22T14:23:12.720000Z -106.848 18.6766 5.0 6.2
2015-02-21T10:13:53.290000Z 143.4861 39.8185 7.0 6.0
2015-02-20T04:25:23.380000Z 143.5871 39.8244 10.0 6.2
2015-02-19T13:18:32.810000Z 168.1483 -16.4311 10.0 6.4
2015-02-18T09:32:26.770000Z 164.1216 -10.7598 10.0 6.1
2015-02-16T23:06:28.270000Z 142.8808 39.8558 23.0 6.7
2015-02-16T22:00:53.590000Z -28.2591 -55.52 13.0 6.2
2015-02-13T20:06:32.330000Z 121.427 22.6374 30.0 6.2
2015-02-13T18:59:12.230000Z -31.9016 52.6487 16.68 7.1
2015-02-11T18:57:22.460000Z -66.688 -23.1125 223.0 6.7
2015-02-02T10:49:48.530000Z -67.1231 -32.7183 172.0 6.3
2015-01-30T17:57:56.440000Z 170.158 -21.2452 7.08 6.0
2015-01-28T02:43:19.350000Z -178.3032 -20.9665 484.12 6.2
2015-01-23T03:47:27.050000Z 168.52 -17.0309 219.96 6.8
2015-01-07T05:07:07.510000Z -82.6576 5.9045 8.0 6.5
2014-12-30T21:17:23.920000Z -178.5639 -20.3263 599.28 6.0
2014-12-29T09:29:37.390000Z 121.5213 8.6341 8.0 6.1
2014-12-21T11:34:13.570000Z 126.6483 2.0892 41.0 6.3
