0.000000000000000000e+00 0.000000000000000000e+00 0.000000000000000000e+00 0.000000000000000000e+00 0.000000000000000000e+00 0.000000000000000000e+00 0.000000000000000000e+00
9.340463397494463971e-01 9.548738097604535513e-01 9.570186323048666122e-01 9.287836528789142898e-01 9.022329290811030855e-01 8.213889785739754146e-01 8.454650548114853725e-01
9.656822113265333130e-01 9.632759857947129634e-01 9.812940196563868511e-01 9.786317630942248380e-01 9.651084455203031709e-01 9.390669502495703203e-01 9.571815545098560918e-01
9.806892504831237201e-01 9.855398472377931984e-01 9.887775536662660736e-01 9.843964152799205003e-01 9.830857312036765938e-01 9.883551148857714352e-01 9.827008575337151663e-01
6.822169282754314557e-01 5.260139910146145459e-01 7.215418211500170820e-01 7.645654369130270300e-01 8.353062913670544765e-01 9.810021419762104955e-01 8.874400962571499241e-01
9.869851469688329937e-01 9.866556291681136681e-01 9.806938089826379157e-01 9.714895957386509018e-01 9.217056986560432374e-01 5.976041777171303693e-01 5.059545557733001742e-01
9.704131997600859982e-01 9.710910059865106581e-01 9.756675991332974807e-01 9.424469005636590957e-01 9.105177582640195943e-01 9.207762961034305915e-01 9.693663419666328496e-01
9.499735503927504432e-01 9.584534713421145602e-01 9.323427246070566943e-01 8.922462151393838470e-01 9.702456440544741101e-01 9.736503287227651349e-01 9.810175321502421220e-01
9.240633701945436540e-01 8.282236174516851568e-01 5.376243616389531077e-01 1.782172410033965038e-01 4.327341150428603567e-01 3.394372142784313207e-01 7.114573672335053889e-01
9.228865415368052716e-01 8.988989269939386961e-01 8.890069012538449611e-01 8.676409595980741907e-01 8.101826592213390299e-01 5.517617169911452901e-01 4.484864595010149557e-01
0.000000000000000000e+00 0.000000000000000000e+00 0.000000000000000000e+00 0.000000000000000000e+00 0.000000000000000000e+00 0.000000000000000000e+00 0.000000000000000000e+00
0.000000000000000000e+00 0.000000000000000000e+00 0.000000000000000000e+00 0.000000000000000000e+00 0.000000000000000000e+00 0.000000000000000000e+00 0.000000000000000000e+00
0.000000000000000000e+00 0.000000000000000000e+00 0.000000000000000000e+00 0.000000000000000000e+00 0.000000000000000000e+00 0.000000000000000000e+00 0.000000000000000000e+00
0.000000000000000000e+00 0.000000000000000000e+00 0.000000000000000000e+00 0.000000000000000000e+00 0.000000000000000000e+00 0.000000000000000000e+00 0.000000000000000000e+00
9.281930094969106371e-01 9.651180678580093542e-01 9.849986022737635682e-01 9.805536953889750773e-01 9.503048337620285668e-01 8.421334483075569866e-01 8.991913934216378967e-01
9.779430546939433810e-01 9.802073557818302696e-01 9.820678013652126559e-01 9.828928224819217796e-01 9.883005260833723771e-01 9.918941836637749088e-01 9.972818555990878853e-01
9.695742025181123269e-01 9.847329262800215144e-01 9.809895674745129357e-01 9.397786253113494803e-01 8.669367723507598322e-01 9.820296464299146377e-01 9.919149842989914978e-01
4.453295892362880704e-01 4.850054304749973899e-01 5.625996769794784358e-01 6.471274819820307389e-01 6.368894108559081113e-01 7.158638577122934388e-01 8.843045647255824981e-01
8.745746079064059542e-01 7.300647676423825949e-01 4.729831452191883834e-01 5.629074505918328919e-01 8.267332368549250576e-01 8.152668981120783087e-01 8.409157916505484165e-01
9.808514129213669053e-01 9.517624536265547608e-01 8.781796658546905388e-01 7.472119482763239784e-01 8.257744346280694314e-01 8.689940891550635982e-01 8.945843383780511804e-01
9.054519549453592386e-01 8.657694066683103706e-01 8.185211893553312468e-01 5.867310092104248698e-01 4.923942632893131832e-01 6.673289964818769349e-01 8.734525648632629480e-01
7.436467235390423758e-01 6.274941344187724424e-01 3.355016946116796128e-01 3.810507962637635360e-01 4.127405896512796879e-01 6.846297916480936774e-01 7.456673062548122566e-01
9.839733896572526728e-01 9.620663428987019650e-01 9.300130527325995988e-01 9.286042164592230863e-01 9.403923217492191622e-01 9.158935802877377075e-01 5.852386108016844890e-01
0.000000000000000000e+00 0.000000000000000000e+00 0.000000000000000000e+00 0.000000000000000000e+00 0.000000000000000000e+00 0.000000000000000000e+00 0.000000000000000000e+00
9.560683102557012703e-01 9.531503213884859882e-01 9.395985419913406300e-01 9.085862871304221100e-01 9.191457086396733756e-01 9.460148173410044548e-01 9.709217854528471303e-01
0.000000000000000000e+00 0.000000000000000000e+00 0.000000000000000000e+00 0.000000000000000000e+00 0.000000000000000000e+00 0.000000000000000000e+00 0.000000000000000000e+00
9.621681419243247602e-01 9.526839677520529959e-01 9.265264973612516997e-01 8.760917569034962771e-01 8.215831779058829776e-01 7.676148723075918445e-01 8.300741614283911884e-01
9.622090502129729828e-01 9.527214614347163657e-01 9.264060304926038381e-01 8.760168253475605349e-01 8.209702749341872829e-01 7.676122262934044205e-01 8.302195370938785235e-01
9.265510221507625710e-01 9.176890905702153045e-01 8.903281798903598387e-01 9.093962290676677052e-01 8.479649177522918801e-01 9.110042590377123162e-01 8.797638344298989166e-01
9.428769413062731974e-01 9.213778938128793783e-01 9.338170720605991626e-01 9.614127827671130611e-01 9.554333955084672869e-01 9.370757063393706510e-01 9.696073899887454051e-01
9.821771205081707423e-01 9.781693099748368647e-01 9.833046683051893666e-01 9.875726093007445305e-01 9.897767143922566735e-01 9.885189992656672198e-01 9.909105714504031770e-01
8.448151810140526186e-01 8.457882645630587781e-01 9.168508110806008471e-01 9.409752135033142562e-01 8.840427973992784905e-01 7.164167859133658833e-01 7.611483325405111744e-01
8.457782189825581165e-01 8.459842443487691765e-01 9.170145974731943594e-01 9.409701128852837604e-01 8.839813842977082281e-01 7.163391443608573272e-01 7.610928779157930535e-01
9.838540179666367402e-01 9.789704576760204224e-01 9.558647386606303753e-01 7.571109873513309774e-01 9.124098544760892437e-01 4.315254107845499787e-01 6.035189661286767260e-01
0.000000000000000000e+00 0.000000000000000000e+00 0.000000000000000000e+00 0.000000000000000000e+00 0.000000000000000000e+00 0.000000000000000000e+00 0.000000000000000000e+00
0.000000000000000000e+00 0.000000000000000000e+00 0.000000000000000000e+00 0.000000000000000000e+00 0.000000000000000000e+00 0.000000000000000000e+00 0.000000000000000000e+00
9.469709805401353986e-01 9.496766622924719403e-01 9.342740673065866863e-01 9.198960003353995329e-01 9.303843160591724892e-01 9.631800850368904543e-01 9.825259513161690439e-01
9.468950153679356330e-01 9.496755443030560073e-01 9.342679670194362629e-01 9.197352188208478552e-01 9.303461609100802665e-01 9.631998231826790491e-01 9.825397034164974341e-01
0.000000000000000000e+00 0.000000000000000000e+00 0.000000000000000000e+00 0.000000000000000000e+00 0.000000000000000000e+00 0.000000000000000000e+00 0.000000000000000000e+00
0.000000000000000000e+00 0.000000000000000000e+00 0.000000000000000000e+00 0.000000000000000000e+00 0.000000000000000000e+00 0.000000000000000000e+00 0.000000000000000000e+00
9.893639277556204314e-01 9.766687216627253365e-01 9.605072156008052087e-01 9.397824230585152261e-01 9.344159105403154753e-01 8.981762631564702559e-01 6.957364228052839161e-01
0.000000000000000000e+00 0.000000000000000000e+00 0.000000000000000000e+00 0.000000000000000000e+00 0.000000000000000000e+00 0.000000000000000000e+00 0.000000000000000000e+00
0.000000000000000000e+00 0.000000000000000000e+00 0.000000000000000000e+00 0.000000000000000000e+00 0.000000000000000000e+00 0.000000000000000000e+00 0.000000000000000000e+00
0.000000000000000000e+00 0.000000000000000000e+00 0.000000000000000000e+00 0.000000000000000000e+00 0.000000000000000000e+00 0.000000000000000000e+00 0.000000000000000000e+00
0.000000000000000000e+00 0.000000000000000000e+00 0.000000000000000000e+00 0.000000000000000000e+00 0.000000000000000000e+00 0.000000000000000000e+00 0.000000000000000000e+00
0.000000000000000000e+00 0.000000000000000000e+00 0.000000000000000000e+00 0.000000000000000000e+00 0.000000000000000000e+00 0.000000000000000000e+00 0.000000000000000000e+00
9.859369427627682203e-01 9.808717577038295055e-01 9.808959704659737655e-01 9.873417575504165322e-01 8.727482785284179645e-01 8.622681002874951206e-01 9.786809847495674397e-01
9.582119456091815479e-01 9.239038460252778640e-01 8.789035650955416834e-01 7.513179778467341530e-01 7.254433066263284990e-01 7.062260619190697808e-01 6.898912173940828785e-01
9.846402544248509248e-01 9.723040914576654981e-01 9.523007013577143853e-01 8.965903561839262403e-01 8.397897071902958865e-01 5.272581073952332664e-01 1.435676878249348143e-01
9.847090078950260228e-01 9.724168269023963918e-01 9.524936032098000327e-01 8.966104330471109662e-01 8.396059254594013810e-01 5.273715120485952257e-01 1.437117699482180211e-01
9.333795162050603222e-01 8.938717169128593820e-01 7.863999622077143536e-01 8.032327942791459563e-01 7.958294132069333449e-01 1.565861028662560439e-01 3.780378863971802228e-01
0.000000000000000000e+00 0.000000000000000000e+00 0.000000000000000000e+00 0.000000000000000000e+00 0.000000000000000000e+00 0.000000000000000000e+00 0.000000000000000000e+00
9.203241896991387616e-01 9.200173178402339946e-01 8.549485276232980935e-01 6.526550425323419669e-01 5.244546324463417175e-01 5.946868255157496952e-01 5.227449944082579458e-01
0.000000000000000000e+00 0.000000000000000000e+00 0.000000000000000000e+00 0.000000000000000000e+00 0.000000000000000000e+00 0.000000000000000000e+00 0.000000000000000000e+00
0.000000000000000000e+00 0.000000000000000000e+00 0.000000000000000000e+00 0.000000000000000000e+00 0.000000000000000000e+00 0.000000000000000000e+00 0.000000000000000000e+00
0.000000000000000000e+00 0.000000000000000000e+00 0.000000000000000000e+00 0.000000000000000000e+00 0.000000000000000000e+00 0.000000000000000000e+00 0.000000000000000000e+00
9.942777423801205661e-01 9.871524973080938459e-01 9.715286793209210181e-01 9.609270564762769640e-01 9.578271382849506965e-01 9.216648044274557972e-01 8.619598786276719826e-01
9.578140289250304251e-01 8.938625631920819048e-01 6.142716859538344121e-01 5.341473883261768085e-01 9.031542730788719719e-01 6.034702760764287799e-01 9.417643487391300638e-01
9.552166374510870916e-01 9.591973203979432538e-01 9.574576264532697056e-01 9.738752797256006177e-01 9.479296823376918146e-01 8.563072594206980748e-01 8.786742039342017030e-01
9.563139311226723782e-01 9.592784769855731142e-01 9.574789225434970907e-01 9.738642979115571530e-01 9.476960097630925395e-01 8.564010194779354546e-01 8.791585483320766281e-01
9.639990004472125396e-01 9.035273731540485187e-01 9.246408750655858988e-01 9.471561409295653489e-01 9.703986294375853694e-01 9.468845362956052059e-01 8.706919287941455865e-01
9.593742883781107844e-01 9.517717465763941842e-01 9.160029369492389550e-01 7.335959840001370358e-01 8.200053466230693422e-01 9.806542128065016684e-01 8.925277053538878125e-01
9.775853321452648848e-01 9.754812302032238591e-01 9.738733875992086064e-01 9.682017723370192064e-01 9.694329676247845917e-01 9.892036774637504859e-01 9.863156944060788023e-01
0.000000000000000000e+00 0.000000000000000000e+00 0.000000000000000000e+00 0.000000000000000000e+00 0.000000000000000000e+00 0.000000000000000000e+00 0.000000000000000000e+00
9.827527261257932301e-01 9.719443830708907051e-01 9.651191876827194260e-01 9.507757708834622123e-01 9.491748157132381403e-01 9.414607755952377754e-01 9.863176841027082586e-01
0.000000000000000000e+00 0.000000000000000000e+00 0.000000000000000000e+00 0.000000000000000000e+00 0.000000000000000000e+00 0.000000000000000000e+00 0.000000000000000000e+00
9.411755250283574403e-01 9.434579943392216173e-01 9.589695601513826828e-01 9.567604105209397414e-01 9.536894984939756625e-01 9.365122345520097147e-01 9.823800056586047269e-01
0.000000000000000000e+00 0.000000000000000000e+00 0.000000000000000000e+00 0.000000000000000000e+00 0.000000000000000000e+00 0.000000000000000000e+00 0.000000000000000000e+00
9.772352210483750135e-01 9.812499428776053634e-01 9.847723522185551914e-01 9.901235932019394337e-01 9.918615597486480917e-01 9.919913637523595229e-01 9.956388610419094620e-01
9.788824454098478123e-01 9.823292715770998162e-01 9.861534451489946118e-01 9.905743618384534876e-01 9.926925853688913781e-01 9.943631547435359819e-01 9.968971629760519093e-01
0.000000000000000000e+00 0.000000000000000000e+00 0.000000000000000000e+00 0.000000000000000000e+00 0.000000000000000000e+00 0.000000000000000000e+00 0.000000000000000000e+00
7.033389271314036684e-01 7.351398233953295724e-01 8.078974532390189589e-01 8.231338068659690421e-01 9.327500879083688856e-01 9.428590330079579251e-01 9.611008666433236147e-01
9.792827337030723944e-01 9.790747743004176717e-01 9.827882816157773593e-01 9.722702436537564719e-01 9.451886893196902450e-01 8.896192029189228245e-01 9.554311972571452038e-01
9.756939321805061516e-01 9.710523165944645596e-01 8.979795341462090130e-01 6.337716525002922152e-01 6.425238171185650993e-01 9.182513292412632921e-01 7.582283347739897650e-01
9.426120566149163160e-01 9.591030765522670087e-01 9.686337571075895880e-01 9.402851394932286722e-01 9.522358549689835527e-01 9.817102613316689430e-01 9.913235203725763167e-01
8.963787863933742051e-01 9.121390469136174683e-01 7.967078776701785880e-01 6.987812652233899025e-01 4.966118416468080499e-01 5.165617480665442018e-01 4.839696258351858793e-01
9.764256988416204486e-01 9.803798099183186343e-01 9.844440916213130777e-01 9.892034173418625675e-01 9.907792726431453589e-01 9.880078697511377461e-01 9.936228025594351365e-01
9.504147381627815472e-01 9.162001867755211748e-01 8.445132137387083571e-01 8.129596234198580573e-01 8.693650677363059520e-01 8.749066939530663056e-01 3.693811339905113678e-01
9.590635446964382860e-01 9.576610326343083512e-01 9.633908220429351354e-01 9.624450612860243615e-01 9.289006069546987820e-01 6.052032995778290347e-01 8.095731079610573033e-01
9.158809536185997802e-01 8.222090330244020695e-01 6.383452823964518297e-01 7.740149746829561028e-01 9.291526681045741975e-01 9.755593718111865709e-01 9.845063888345945147e-01
9.602955236223137403e-01 9.623611450328608541e-01 9.471888156670876802e-01 8.498452376771535866e-01 8.474617967383855088e-01 9.344133083337248236e-01 9.590895909232515226e-01
9.801077935655932993e-01 9.825115715846519659e-01 9.866805504618215705e-01 9.842154143698047530e-01 9.818983587561057602e-01 9.693994693310319377e-01 9.210069432279094359e-01
9.881185371429985764e-01 9.810592717171421340e-01 9.685952761409992728e-01 9.585678747288193247e-01 9.694210623903384283e-01 9.856293950561814121e-01 9.579798848518212839e-01
0.000000000000000000e+00 0.000000000000000000e+00 0.000000000000000000e+00 0.000000000000000000e+00 0.000000000000000000e+00 0.000000000000000000e+00 0.000000000000000000e+00
0.000000000000000000e+00 0.000000000000000000e+00 0.000000000000000000e+00 0.000000000000000000e+00 0.000000000000000000e+00 0.000000000000000000e+00 0.000000000000000000e+00
9.782371110220606791e-01 9.717923399606436252e-01 9.570564353614930964e-01 9.364087840875126023e-01 9.429701106545657074e-01 9.648515856170105653e-01 9.718483112274983737e-01
9.503233125186303365e-01 9.621637702437327855e-01 9.791865357462706809e-01 9.800867604628583640e-01 9.475202025231109770e-01 9.168051233919914944e-01 9.705188860204820855e-01
9.779041320494904488e-01 9.791212135380780168e-01 9.821949157903020478e-01 9.813294237541704268e-01 9.789907841322189608e-01 9.853784160039581463e-01 9.893488907424510259e-01
4.991092680208540355e-01 6.967728923828763188e-01 9.228314977164359112e-01 9.474416089573585165e-01 9.663428452532977220e-01 9.334697208992388529e-01 9.304318139551603917e-01
9.689812335303332747e-01 9.498558783311225051e-01 8.340473528034167972e-01 9.185679784116833613e-01 9.090266466268269729e-01 8.553307764781692413e-01 7.014617381110156424e-01
9.588259804001014741e-01 9.323921744418957047e-01 7.994634656263177597e-01 6.182877271998522550e-01 7.590498501921907337e-01 9.021411555912798308e-01 9.213380643229984734e-01
9.686415118948442649e-01 9.723421665683670279e-01 9.775099308879966475e-01 9.830342360777439836e-01 9.821142001033431601e-01 9.688870127657029929e-01 8.382446662623939115e-01
9.694205651776897081e-01 9.490310080891810607e-01 8.886813536153310711e-01 7.797152833224427759e-01 6.823807675307580478e-01 4.762457309771959135e-01 3.262241647043292447e-01
0.000000000000000000e+00 0.000000000000000000e+00 0.000000000000000000e+00 0.000000000000000000e+00 0.000000000000000000e+00 0.000000000000000000e+00 0.000000000000000000e+00
9.440519959269714212e-01 9.364553749526938198e-01 9.226068173790347160e-01 9.203072427513012688e-01 8.892518117201659855e-01 8.234451467573264960e-01 8.571244031828763044e-01
9.504242903238592222e-01 9.421644761243962440e-01 9.531831029296983226e-01 9.720777295190685674e-01 9.796849210781879425e-01 4.754571273833613221e-01 6.396938824519244893e-01
9.537568738628630083e-01 9.189756489732914257e-01 9.160933917487504852e-01 9.572209769395214618e-01 9.863355061490338693e-01 9.900112477786963128e-01 9.882699145302167310e-01
9.421787118400076766e-01 9.384687483218859816e-01 9.649559869124979539e-01 9.560852127435593983e-01 9.556530640348825933e-01 9.700767422011733476e-01 9.852871635774609338e-01
9.579370738065302593e-01 9.715807539447851582e-01 9.710507059857298451e-01 9.561467394970736278e-01 9.474832359832811024e-01 9.557374317892207705e-01 9.838311913843561518e-01
9.249649382986172563e-01 9.452914261814084895e-01 9.629204102949924238e-01 9.284342066259624326e-01 9.475714132205048656e-01 9.538717524904651857e-01 9.859401154078565321e-01
0.000000000000000000e+00 0.000000000000000000e+00 0.000000000000000000e+00 0.000000000000000000e+00 0.000000000000000000e+00 0.000000000000000000e+00 0.000000000000000000e+00
9.651572083396914303e-01 9.704807664577665971e-01 9.698322268621145659e-01 9.367958735717413221e-01 9.314377533668255493e-01 5.747002112920788219e-01 9.094625040369619384e-01
0.000000000000000000e+00 0.000000000000000000e+00 0.000000000000000000e+00 0.000000000000000000e+00 0.000000000000000000e+00 0.000000000000000000e+00 0.000000000000000000e+00
9.701456238477866867e-01 9.679015596564735091e-01 9.503132793609456730e-01 9.165955948713070400e-01 9.336783907735571875e-01 8.191385103968557013e-01 9.539056135454515584e-01
2.244308799205571303e-01 3.412076700491487591e-01 4.642334505212554197e-01 7.412616817189747742e-01 5.915884125992625364e-01 4.832373596696571405e-01 4.827891592933328258e-02
9.639011170506074366e-01 9.796652246823662757e-01 9.717361313614697460e-01 9.329236625524474080e-01 9.433212058053332960e-01 9.590169094709272146e-01 9.728640147433774699e-01
9.854356849934976514e-01 9.716033011487830162e-01 9.766164423939033279e-01 9.834018953893179926e-01 9.835845994046649166e-01 9.856358708277594971e-01 9.920089103716573931e-01
9.802287352316774172e-01 9.856006988386413203e-01 9.841617450384870791e-01 9.791442296442217641e-01 9.767741266916883935e-01 9.844177524519337474e-01 9.928816727421457822e-01
9.726157512516370174e-01 9.785783297905533695e-01 9.840549301422637507e-01 9.830527387312429921e-01 9.793635775667496324e-01 8.660576382256405248e-01 9.755142693189055025e-01
0.000000000000000000e+00 0.000000000000000000e+00 0.000000000000000000e+00 0.000000000000000000e+00 0.000000000000000000e+00 0.000000000000000000e+00 0.000000000000000000e+00
0.000000000000000000e+00 0.000000000000000000e+00 0.000000000000000000e+00 0.000000000000000000e+00 0.000000000000000000e+00 0.000000000000000000e+00 0.000000000000000000e+00
0.000000000000000000e+00 0.000000000000000000e+00 0.000000000000000000e+00 0.000000000000000000e+00 0.000000000000000000e+00 0.000000000000000000e+00 0.000000000000000000e+00
0.000000000000000000e+00 0.000000000000000000e+00 0.000000000000000000e+00 0.000000000000000000e+00 0.000000000000000000e+00 0.000000000000000000e+00 0.000000000000000000e+00
0.000000000000000000e+00 0.000000000000000000e+00 0.000000000000000000e+00 0.000000000000000000e+00 0.000000000000000000e+00 0.000000000000000000e+00 0.000000000000000000e+00
0.000000000000000000e+00 0.000000000000000000e+00 0.000000000000000000e+00 0.000000000000000000e+00 0.000000000000000000e+00 0.000000000000000000e+00 0.000000000000000000e+00
5.161166462926810583e-01 7.531562857757342355e-01 8.072442371868990829e-01 8.561904976132932443e-01 3.825771987442063149e-01 2.694836352543145686e-01 1.221209976664255764e-01
0.000000000000000000e+00 0.000000000000000000e+00 0.000000000000000000e+00 0.000000000000000000e+00 0.000000000000000000e+00 0.000000000000000000e+00 0.000000000000000000e+00
9.001063384356913222e-01 9.458541356480947293e-01 7.905619006334733134e-01 8.550823928511334104e-01 9.438308266571706628e-01 9.699272461779053778e-01 9.708706339192286761e-01
8.890781897615066542e-01 8.572008913192188384e-01 9.823177838209481427e-01 9.908059345586512912e-01 8.784959103544035530e-01 9.912050068674782555e-01 9.899073404958749212e-01
9.907311144566081085e-01 9.877337831575291327e-01 9.833087979606011109e-01 9.664379859140598272e-01 9.059860147199702007e-01 7.592094836100009569e-01 8.866354188098933831e-01
9.825119733289612300e-01 9.832527996096821488e-01 9.831345210074313723e-01 9.820668286621043741e-01 9.779230736804243040e-01 9.728766791383575141e-01 9.806561347636926218e-01
9.481830599721728925e-01 9.025092988556773221e-01 7.556981619438898345e-01 7.408538200795190543e-01 8.352107517012054005e-01 7.698831638273498923e-01 9.573656063141795514e-01
6.070744132821346284e-01 4.199436217183498687e-01 2.834831369377501797e-01 2.862463006545620803e-01 2.549083203054062774e-01 1.329507374195616209e-01 3.919766026912132051e-01
8.396440235281086295e-01 8.495995191634390098e-01 7.175588181120976516e-01 8.206368069814230504e-01 8.666955423490606547e-01 7.585018071870949230e-01 9.771463448173425270e-01
9.869246024454658706e-01 9.810222144235827280e-01 9.768667937413942903e-01 9.810201268766770566e-01 9.897863376682544123e-01 9.924899847092937266e-01 9.934867279075785262e-01
9.914788958507897432e-01 9.816341368326171324e-01 9.643380096634739385e-01 6.212917252217609043e-01 4.074302886233713283e-01 8.456509865574154405e-01 7.710366516310471763e-01
9.809812157969063362e-01 9.783171333074325293e-01 9.807673170845756516e-01 9.855833107191950271e-01 9.884054307584074772e-01 9.916863483649406286e-01 9.954916024960220877e-01
0.000000000000000000e+00 0.000000000000000000e+00 0.000000000000000000e+00 0.000000000000000000e+00 0.000000000000000000e+00 0.000000000000000000e+00 0.000000000000000000e+00
9.680726157065395743e-01 9.755329638838962092e-01 9.806471374426485310e-01 9.788266773206372173e-01 9.780459480344911860e-01 9.718757250794373137e-01 9.789417120005158290e-01
9.742213201551905843e-01 9.775407162610134648e-01 9.823849224228845545e-01 9.837098903962727681e-01 9.852249000338861862e-01 9.805468398598609081e-01 9.737818248052380055e-01
0.000000000000000000e+00 0.000000000000000000e+00 0.000000000000000000e+00 0.000000000000000000e+00 0.000000000000000000e+00 0.000000000000000000e+00 0.000000000000000000e+00
9.669041328588178219e-01 9.677549261936100322e-01 9.519300512994018915e-01 8.502010365917090917e-01 4.156325696006416548e-01 3.011502667811199463e-01 8.069150054915361636e-01
9.825716798612360581e-01 9.683864112436812999e-01 9.450755719409777988e-01 9.039994126158055199e-01 9.066771950816249204e-01 9.367835288145454076e-01 9.281389730978635288e-01
9.586729280254946417e-01 9.633690371540039044e-01 9.574418397707009643e-01 9.724803864698741140e-01 9.681830479697537406e-01 8.681424782515175798e-01 9.220196368515415353e-01
9.502988072690500276e-01 9.677939039364106266e-01 9.788537175210589858e-01 9.843861916082187191e-01 9.934194152319115734e-01 9.860160429979332175e-01 9.644720333952551128e-01
0.000000000000000000e+00 0.000000000000000000e+00 0.000000000000000000e+00 0.000000000000000000e+00 0.000000000000000000e+00 0.000000000000000000e+00 0.000000000000000000e+00
9.326636795490020893e-01 9.207230218382448372e-01 7.650512294946973935e-01 5.954414133783387797e-01 2.897074188143549667e-01 1.870410046947119653e-01 3.926088648322234032e-01
8.229480677458856919e-01 8.029670457774150671e-01 8.292136576194619746e-01 6.551837788092417236e-01 3.180284576470620572e-01 4.102821788152546389e-01 7.981025141248310195e-01
0.000000000000000000e+00 0.000000000000000000e+00 0.000000000000000000e+00 0.000000000000000000e+00 0.000000000000000000e+00 0.000000000000000000e+00 0.000000000000000000e+00
8.482535279505387660e-01 9.293997082400914378e-01 8.814065559144965700e-01 5.830866958101894593e-01 4.133923735294012802e-01 5.748902175319230423e-01 5.946050757253076302e-01
8.997857765312027301e-01 8.855273481715396633e-01 9.010639025027959992e-01 7.980002665568390885e-01 7.622590637663690938e-01 8.744634332250615927e-01 9.282586590779248192e-01
8.704661004462924678e-01 8.777242917461310912e-01 8.928020620140417751e-01 8.405225229992447922e-01 8.383997982486849354e-01 8.789984274570853406e-01 9.644591649134086619e-01
9.828553089003834176e-01 9.792876974553210712e-01 9.783033415729126547e-01 9.671859539711883391e-01 9.769633672925271961e-01 9.659848562051240872e-01 9.883910379830731507e-01
0.000000000000000000e+00 0.000000000000000000e+00 0.000000000000000000e+00 0.000000000000000000e+00 0.000000000000000000e+00 0.000000000000000000e+00 0.000000000000000000e+00
8.052309471502605565e-01 8.166201559917306563e-01 8.345537673043005311e-01 7.337880259621712975e-01 8.088975787218705138e-01 8.287855638730738939e-01 9.594982975728881813e-01
9.697805063984663576e-01 9.561530774555720980e-01 9.433068485126409053e-01 8.710057141592884022e-01 9.712356534964485810e-01 9.764669797633027670e-01 9.828231797003258441e-01
6.275151368022473530e-01 8.445297979293109325e-01 6.980214846859879030e-01 4.900089239857928769e-01 5.151439953068308597e-01 1.659688143076973044e-01 4.309802717865312549e-01
9.193701960551474706e-01 8.718861238667171554e-01 7.152718091655425603e-01 6.311672875992213605e-01 2.603999365572467473e-01 2.173362739601221449e-01 4.545695008882609245e-01
0.000000000000000000e+00 0.000000000000000000e+00 0.000000000000000000e+00 0.000000000000000000e+00 0.000000000000000000e+00 0.000000000000000000e+00 0.000000000000000000e+00
0.000000000000000000e+00 0.000000000000000000e+00 0.000000000000000000e+00 0.000000000000000000e+00 0.000000000000000000e+00 0.000000000000000000e+00 0.000000000000000000e+00
9.759191787076073599e-01 9.787328721090824413e-01 9.819322369985438170e-01 9.866869828653268559e-01 9.777591224658486180e-01 9.213274232971000455e-01 9.821821971294586451e-01
0.000000000000000000e+00 0.000000000000000000e+00 0.000000000000000000e+00 0.000000000000000000e+00 0.000000000000000000e+00 0.000000000000000000e+00 0.000000000000000000e+00
0.000000000000000000e+00 0.000000000000000000e+00 0.000000000000000000e+00 0.000000000000000000e+00 0.000000000000000000e+00 0.000000000000000000e+00 0.000000000000000000e+00
9.510891770480309759e-01 9.527863251646494502e-01 9.498024449583447604e-01 8.687356799082892600e-01 9.223705791353934424e-01 8.567090762155984418e-01 8.764322841659298868e-01
0.000000000000000000e+00 0.000000000000000000e+00 0.000000000000000000e+00 0.000000000000000000e+00 0.000000000000000000e+00 0.000000000000000000e+00 0.000000000000000000e+00
9.412659042392342856e-01 9.519732252575362486e-01 9.821899178834957445e-01 9.858820205702762962e-01 9.777396114878946776e-01 9.681213990465978858e-01 9.728568445204082149e-01
9.726266187477877745e-01 9.736970733330907457e-01 9.740836563066053166e-01 9.813178858276692118e-01 9.742856928089521640e-01 8.501368278699907854e-01 9.026942433287297174e-01
