0.000000000000000000e+00 0.000000000000000000e+00 0.000000000000000000e+00 0.000000000000000000e+00 0.000000000000000000e+00 0.000000000000000000e+00 0.000000000000000000e+00
3.585811126569533940e+02 5.081112656953393980e+00 8.581112656953393980e+00 4.331112656953393980e+00 3.081112656953393980e+00 3.548311126569533940e+02 1.308111265695339398e+01
3.236206300599866381e+01 2.961206300599866381e+01 2.211206300599866381e+01 1.286206300599866381e+01 9.362063005998663812e+00 2.411206300599866381e+01 2.336206300599866381e+01
1.403717963264222135e+01 1.853717963264222135e+01 1.953717963264222135e+01 1.703717963264222135e+01 1.478717963264222135e+01 1.403717963264222135e+01 1.578717963264222135e+01
3.449003877099330566e+02 3.486503877099330566e+02 3.576503877099330566e+02 3.446503877099330566e+02 3.491503877099330566e+02 2.165038770993302819e+01 4.490038770993302819e+01
1.260014589883701319e+01 1.785014589883701319e+01 2.110014589883701319e+01 1.835014589883701319e+01 2.285014589883701319e+01 2.460014589883701319e+01 2.811001458988370132e+02
2.346698134285327342e+01 2.671698134285327342e+01 2.321698134285327342e+01 1.546698134285327342e+01 3.196698134285327342e+01 3.896698134285327342e+01 2.946698134285327342e+01
2.162523389604598378e+01 2.562523389604598378e+01 2.987523389604598378e+01 3.262523389604598378e+01 1.537523389604598378e+01 9.125233896045983784e+00 7.125233896045983784e+00
3.513092806594888202e+02 3.568092806594888202e+02 3.809280659488820220e+00 3.585592806594888202e+02 2.898092806594888202e+02 3.083092806594888202e+02 3.105928065948882022e+01
3.468212718726131243e+02 3.525712718726131243e+02 5.321271872613124287e+00 1.707127187261312429e+01 9.571271872613124287e+00 3.260712718726131243e+02 3.343212718726131243e+02
0.000000000000000000e+00 0.000000000000000000e+00 0.000000000000000000e+00 0.000000000000000000e+00 0.000000000000000000e+00 0.000000000000000000e+00 0.000000000000000000e+00
0.000000000000000000e+00 0.000000000000000000e+00 0.000000000000000000e+00 0.000000000000000000e+00 0.000000000000000000e+00 0.000000000000000000e+00 0.000000000000000000e+00
0.000000000000000000e+00 0.000000000000000000e+00 0.000000000000000000e+00 0.000000000000000000e+00 0.000000000000000000e+00 0.000000000000000000e+00 0.000000000000000000e+00
0.000000000000000000e+00 0.000000000000000000e+00 0.000000000000000000e+00 0.000000000000000000e+00 0.000000000000000000e+00 0.000000000000000000e+00 0.000000000000000000e+00
8.869462348039917288e+00 1.411946234803991729e+01 1.561946234803991729e+01 1.436946234803991729e+01 1.411946234803991729e+01 3.586946234803991729e+01 2.486946234803991729e+01
2.472969087737175187e+01 1.947969087737175187e+01 1.647969087737175187e+01 1.847969087737175187e+01 1.922969087737175187e+01 2.022969087737175187e+01 1.997969087737175187e+01
8.278511917180857438e+00 1.302851191718085744e+01 8.528511917180857438e+00 1.327851191718085744e+01 1.877851191718085744e+01 6.278511917180857438e+00 4.778511917180857438e+00
4.016211470107515424e+01 5.991211470107515424e+01 4.916211470107515424e+01 2.941211470107515424e+01 4.716211470107515424e+01 3.716211470107515424e+01 1.366211470107515424e+01
1.651199923469556552e+01 3.976199923469556552e+01 5.076199923469556552e+01 5.626199923469556552e+01 5.226199923469556552e+01 3.511999234695565519e+00 6.261999234695565519e+00
6.969046598771882373e+00 1.171904659877188237e+01 2.071904659877188237e+01 3.271904659877188237e+01 4.671904659877188237e+01 1.421904659877188237e+01 1.071904659877188237e+01
1.581578492244403833e+01 1.731578492244403833e+01 3.831578492244403833e+01 6.206578492244403833e+01 6.181578492244403833e+01 3.356578492244403833e+01 1.181578492244403833e+01
2.528746829990666356e+00 1.727874682999066636e+01 3.112787468299906664e+02 2.900287468299906664e+02 3.332787468299906664e+02 5.287468299906663560e-01 3.530287468299906664e+02
6.234290909343371823e+00 8.234290909343371823e+00 1.373429090934337182e+01 2.873429090934337182e+01 3.298429090934337182e+01 1.473429090934337182e+01 4.842909093433718226e-01
0.000000000000000000e+00 0.000000000000000000e+00 0.000000000000000000e+00 0.000000000000000000e+00 0.000000000000000000e+00 0.000000000000000000e+00 0.000000000000000000e+00
2.064791291868465350e+01 1.914791291868465350e+01 1.989791291868465350e+01 2.464791291868465350e+01 2.764791291868465350e+01 2.814791291868465350e+01 2.364791291868465350e+01
0.000000000000000000e+00 0.000000000000000000e+00 0.000000000000000000e+00 0.000000000000000000e+00 0.000000000000000000e+00 0.000000000000000000e+00 0.000000000000000000e+00
5.063598182153072003e+00 1.106359818215307200e+01 9.813598182153072003e+00 3.583135981821531004e+02 2.131359818215307200e+01 2.756359818215307200e+01 2.356359818215307200e+01
5.054060484133430009e+00 1.105406048413343001e+01 9.804060484133430009e+00 3.583040604841334016e+02 2.155406048413343001e+01 2.755406048413343001e+01 2.355406048413343001e+01
2.623527530341007719e+01 2.423527530341007719e+01 3.485275303410077186e+00 3.594852753034100488e+02 1.123527530341007719e+01 2.898527530341007719e+01 1.523527530341007719e+01
2.533417150954204544e+01 2.333417150954204544e+01 1.233417150954204544e+01 2.334171509542045442e+00 7.584171509542045442e+00 1.583417150954204544e+01 1.608417150954204544e+01
1.653158179122613092e+00 8.153158179122613092e+00 1.715315817912261309e+01 2.115315817912261309e+01 1.765315817912261309e+01 1.465315817912261309e+01 1.940315817912261309e+01
3.303562086778526918e+01 3.953562086778526918e+01 2.878562086778526918e+01 5.785620867785269184e+00 3.555356208677852692e+02 3.537856208677852692e+02 3.285620867785269184e+00
3.303466976083672080e+01 3.953466976083672080e+01 2.878466976083672080e+01 5.784669760836720798e+00 3.555346697608367208e+02 3.537846697608367208e+02 3.284669760836720798e+00
9.836266985261488571e+00 9.086266985261488571e+00 1.408626698526148857e+01 3.508626698526148857e+01 8.836266985261488571e+00 3.133362669852614886e+02 8.626698526148857127e-02
0.000000000000000000e+00 0.000000000000000000e+00 0.000000000000000000e+00 0.000000000000000000e+00 0.000000000000000000e+00 0.000000000000000000e+00 0.000000000000000000e+00
0.000000000000000000e+00 0.000000000000000000e+00 0.000000000000000000e+00 0.000000000000000000e+00 0.000000000000000000e+00 0.000000000000000000e+00 0.000000000000000000e+00
2.853120679371795632e+01 2.453120679371795632e+01 1.953120679371795632e+01 1.578120679371795632e+01 2.928120679371795632e+01 3.953120679371795632e+01 2.528120679371795632e+01
2.853379957178549375e+01 2.453379957178549375e+01 1.953379957178549375e+01 1.578379957178549375e+01 2.928379957178549375e+01 3.953379957178549375e+01 2.528379957178549375e+01
0.000000000000000000e+00 0.000000000000000000e+00 0.000000000000000000e+00 0.000000000000000000e+00 0.000000000000000000e+00 0.000000000000000000e+00 0.000000000000000000e+00
0.000000000000000000e+00 0.000000000000000000e+00 0.000000000000000000e+00 0.000000000000000000e+00 0.000000000000000000e+00 0.000000000000000000e+00 0.000000000000000000e+00
4.861306739411475064e+00 4.611306739411475064e+00 4.861306739411475064e+00 8.361306739411475064e+00 2.136130673941147506e+01 1.161130673941147506e+01 1.861306739411475064e+00
0.000000000000000000e+00 0.000000000000000000e+00 0.000000000000000000e+00 0.000000000000000000e+00 0.000000000000000000e+00 0.000000000000000000e+00 0.000000000000000000e+00
0.000000000000000000e+00 0.000000000000000000e+00 0.000000000000000000e+00 0.000000000000000000e+00 0.000000000000000000e+00 0.000000000000000000e+00 0.000000000000000000e+00
0.000000000000000000e+00 0.000000000000000000e+00 0.000000000000000000e+00 0.000000000000000000e+00 0.000000000000000000e+00 0.000000000000000000e+00 0.000000000000000000e+00
0.000000000000000000e+00 0.000000000000000000e+00 0.000000000000000000e+00 0.000000000000000000e+00 0.000000000000000000e+00 0.000000000000000000e+00 0.000000000000000000e+00
0.000000000000000000e+00 0.000000000000000000e+00 0.000000000000000000e+00 0.000000000000000000e+00 0.000000000000000000e+00 0.000000000000000000e+00 0.000000000000000000e+00
1.948904033264510360e+01 1.898904033264510360e+01 1.773904033264510360e+01 4.739040332645103604e+00 3.482390403326451178e+02 3.537390403326451178e+02 1.423904033264510360e+01
1.109061627976976183e+01 1.859061627976976183e+01 3.609061627976976183e+01 2.134061627976976183e+01 8.590616279769761832e+00 3.510906162797697334e+02 3.533406162797697334e+02
6.333883670365594298e+00 7.083883670365594298e+00 9.333883670365594298e+00 1.033388367036559430e+01 2.158388367036559430e+01 1.383388367036559430e+01 1.365838836703655943e+02
6.339918429564136204e+00 7.089918429564136204e+00 9.339918429564136204e+00 1.008991842956413620e+01 2.158991842956413620e+01 1.383991842956413620e+01 1.363399184295641362e+02
2.946210359000389190e+00 3.591962103590003608e+02 2.696210359000389190e+00 4.394621035900038919e+01 6.844621035900038919e+01 5.219621035900038919e+01 2.926962103590003608e+02
0.000000000000000000e+00 0.000000000000000000e+00 0.000000000000000000e+00 0.000000000000000000e+00 0.000000000000000000e+00 0.000000000000000000e+00 0.000000000000000000e+00
3.181337923730171724e+01 2.681337923730171724e+01 2.406337923730171724e+01 2.256337923730171724e+01 2.256337923730171724e+01 9.563379237301717239e+00 6.313379237301717239e+00
0.000000000000000000e+00 0.000000000000000000e+00 0.000000000000000000e+00 0.000000000000000000e+00 0.000000000000000000e+00 0.000000000000000000e+00 0.000000000000000000e+00
0.000000000000000000e+00 0.000000000000000000e+00 0.000000000000000000e+00 0.000000000000000000e+00 0.000000000000000000e+00 0.000000000000000000e+00 0.000000000000000000e+00
0.000000000000000000e+00 0.000000000000000000e+00 0.000000000000000000e+00 0.000000000000000000e+00 0.000000000000000000e+00 0.000000000000000000e+00 0.000000000000000000e+00
7.011333286706303625e+00 1.076133328670630362e+01 1.901133328670630362e+01 2.751133328670630362e+01 2.626133328670630362e+01 9.261333286706303625e+00 1.076133328670630362e+01
3.486752621461596391e+01 3.161752621461596391e+01 4.911752621461596391e+01 4.061752621461596391e+01 1.961752621461596391e+01 3.481175262146159639e+02 1.061752621461596391e+01
1.871893014807415057e+01 3.096893014807415057e+01 3.871893014807415057e+01 3.071893014807415057e+01 1.421893014807415057e+01 1.396893014807415057e+01 1.821893014807415057e+01
1.871456779312512708e+01 3.096456779312512708e+01 3.871456779312512708e+01 3.071456779312512708e+01 1.421456779312512708e+01 1.396456779312512708e+01 1.821456779312512708e+01
2.318093008096388985e+01 4.468093008096388985e+01 4.768093008096388985e+01 3.293093008096388985e+01 1.180930080963889850e+00 3.366809300809638898e+02 3.374309300809638898e+02
1.386097623776566934e+01 1.286097623776566934e+01 2.211097623776566934e+01 4.586097623776566934e+01 3.636097623776566934e+01 1.586097623776566934e+01 4.610976237765669339e+00
1.978369023616497202e+01 1.828369023616497202e+01 1.853369023616497202e+01 2.103369023616497202e+01 1.553369023616497202e+01 1.653369023616497202e+01 2.228369023616497202e+01
0.000000000000000000e+00 0.000000000000000000e+00 0.000000000000000000e+00 0.000000000000000000e+00 0.000000000000000000e+00 0.000000000000000000e+00 0.000000000000000000e+00
2.073036173769060042e+01 2.023036173769060042e+01 1.923036173769060042e+01 1.798036173769060042e+01 1.773036173769060042e+01 2.098036173769060042e+01 2.248036173769060042e+01
0.000000000000000000e+00 0.000000000000000000e+00 0.000000000000000000e+00 0.000000000000000000e+00 0.000000000000000000e+00 0.000000000000000000e+00 0.000000000000000000e+00
3.792230345382392898e+00 1.129223034538239290e+01 2.079223034538239290e+01 2.604223034538239290e+01 1.454223034538239290e+01 9.292230345382392898e+00 1.829223034538239290e+01
0.000000000000000000e+00 0.000000000000000000e+00 0.000000000000000000e+00 0.000000000000000000e+00 0.000000000000000000e+00 0.000000000000000000e+00 0.000000000000000000e+00
2.092575950118595074e+01 1.867575950118595074e+01 1.942575950118595074e+01 2.092575950118595074e+01 1.842575950118595074e+01 1.942575950118595074e+01 2.192575950118595074e+01
2.081512311726277176e+01 1.881512311726277176e+01 1.931512311726277176e+01 1.981512311726277176e+01 1.831512311726277176e+01 1.956512311726277176e+01 2.156512311726277176e+01
0.000000000000000000e+00 0.000000000000000000e+00 0.000000000000000000e+00 0.000000000000000000e+00 0.000000000000000000e+00 0.000000000000000000e+00 0.000000000000000000e+00
2.542753277740644080e+01 2.342753277740644080e+01 1.342753277740644080e+01 3.592753277740644080e+01 4.042753277740644080e+01 1.567753277740644080e+01 1.192753277740644080e+01
1.413785247951068413e+01 1.438785247951068413e+01 1.688785247951068413e+01 1.613785247951068413e+01 1.513785247951068413e+01 2.038785247951068413e+01 1.488785247951068413e+01
1.898211422351550937e+01 2.273211422351550937e+01 3.498211422351550937e+01 5.273211422351550937e+01 4.823211422351550937e+01 2.598211422351550937e+01 3.592321142235155094e+02
2.146224628191663442e+01 2.196224628191663442e+01 2.521224628191663442e+01 3.096224628191663442e+01 2.121224628191663442e+01 1.546224628191663442e+01 1.621224628191663442e+01
3.593751601234901614e+02 1.637516012349017558e+01 3.512516012349017558e+01 4.987516012349017558e+01 6.487516012349017558e+01 3.937516012349017558e+01 4.737516012349017558e+01
2.014909953530997200e+01 1.839909953530997200e+01 1.789909953530997200e+01 1.739909953530997200e+01 1.614909953530997200e+01 2.139909953530997200e+01 2.389909953530997200e+01
1.388376702659968487e+01 2.063376702659968487e+01 4.338376702659968487e+01 4.988376702659968487e+01 3.813376702659968487e+01 2.488376702659968487e+01 3.483837670265996849e+02
3.300631306448030955e+01 3.250631306448030955e+01 2.425631306448030955e+01 9.506313064480309549e+00 3.537563130644803095e+02 3.580063130644803095e+02 3.565063130644803095e+02
3.554216280399980974e+02 3.311716280399980974e+02 3.201716280399980974e+02 9.671628039998097393e+00 1.517162803999809739e+01 6.671628039998097393e+00 3.671628039998097393e+00
1.992154230571759399e+01 2.092154230571759399e+01 2.117154230571759399e+01 2.342154230571759399e+01 1.467154230571759399e+01 1.667154230571759399e+01 1.842154230571759399e+01
2.004975968051212476e+01 1.679975968051212476e+01 1.229975968051212476e+01 9.549759680512124760e+00 9.799759680512124760e+00 1.254975968051212476e+01 1.379975968051212476e+01
1.511655894432988134e+01 1.261655894432988134e+01 1.561655894432988134e+01 2.186655894432988134e+01 1.936655894432988134e+01 1.761655894432988134e+01 2.111655894432988134e+01
0.000000000000000000e+00 0.000000000000000000e+00 0.000000000000000000e+00 0.000000000000000000e+00 0.000000000000000000e+00 0.000000000000000000e+00 0.000000000000000000e+00
0.000000000000000000e+00 0.000000000000000000e+00 0.000000000000000000e+00 0.000000000000000000e+00 0.000000000000000000e+00 0.000000000000000000e+00 0.000000000000000000e+00
1.495903425697275679e+01 1.420903425697275679e+01 1.420903425697275679e+01 2.045903425697275679e+01 2.620903425697275679e+01 2.770903425697275679e+01 2.220903425697275679e+01
9.322866864650308116e+00 3.322866864650308116e+00 3.572866864650308116e+00 9.822866864650308116e+00 1.322866864650308116e+00 3.593228668646503365e+02 1.957286686465030812e+01
3.150288722675327335e+00 9.150288722675327335e+00 1.715028872267532734e+01 2.115028872267532734e+01 1.765028872267532734e+01 1.540028872267532734e+01 1.740028872267532734e+01
2.113007028164759049e+00 2.386300702816475905e+01 4.036300702816475905e+01 3.286300702816475905e+01 1.911300702816475905e+01 2.661300702816475905e+01 2.861300702816475905e+01
9.209903963709962227e+00 1.045990396370996223e+01 2.245990396370996223e+01 8.709903963709962227e+00 3.564599039637099622e+02 3.504599039637099622e+02 3.514599039637099622e+02
3.519148145973969122e+01 3.269148145973969122e+01 3.919148145973969122e+01 5.394148145973969122e+01 2.794148145973969122e+01 2.694148145973969122e+01 2.244148145973969122e+01
2.691961309219766463e+01 2.241961309219766463e+01 1.741961309219766463e+01 1.316961309219766463e+01 9.919613092197664628e+00 1.991961309219766463e+01 2.391961309219766463e+01
1.849416170309154950e+00 5.849416170309154950e+00 1.234941617030915495e+01 9.849416170309154950e+00 2.134941617030915495e+01 1.013494161703091549e+02 1.388494161703091549e+02
0.000000000000000000e+00 0.000000000000000000e+00 0.000000000000000000e+00 0.000000000000000000e+00 0.000000000000000000e+00 0.000000000000000000e+00 0.000000000000000000e+00
2.346567556778131802e+01 2.346567556778131802e+01 1.621567556778131802e+01 1.146567556778131802e+01 7.965675567781318023e+00 5.715675567781318023e+00 7.465675567781318023e+00
9.607465746395547512e+00 1.360746574639554751e+01 1.135746574639554751e+01 1.010746574639554751e+01 1.435746574639554751e+01 4.060746574639554751e+01 2.810746574639554751e+01
1.929302413341747524e+01 7.043024133417475241e+00 3.480430241334174752e+02 3.545430241334174752e+02 8.293024133417475241e+00 1.454302413341747524e+01 1.804302413341747524e+01
1.995545108974022241e+01 2.545545108974022241e+01 2.895545108974022241e+01 2.970545108974022241e+01 2.070545108974022241e+01 1.745545108974022241e+01 2.045545108974022241e+01
2.748140678018404515e+01 2.573140678018404515e+01 2.673140678018404515e+01 2.473140678018404515e+01 5.981406780184045147e+00 1.173140678018404515e+01 1.798140678018404515e+01
1.486551994054161696e+01 1.861551994054161696e+01 2.511551994054161696e+01 2.886551994054161696e+01 1.036551994054161696e+01 1.011551994054161696e+01 1.861551994054161696e+01
0.000000000000000000e+00 0.000000000000000000e+00 0.000000000000000000e+00 0.000000000000000000e+00 0.000000000000000000e+00 0.000000000000000000e+00 0.000000000000000000e+00
7.225483240301514343e+00 8.475483240301514343e+00 8.975483240301514343e+00 1.447548324030151434e+01 4.475483240301514343e+00 3.379754832403015143e+02 7.254832403015143427e-01
0.000000000000000000e+00 0.000000000000000000e+00 0.000000000000000000e+00 0.000000000000000000e+00 0.000000000000000000e+00 0.000000000000000000e+00 0.000000000000000000e+00
2.265097145950943514e+01 2.590097145950943514e+01 2.890097145950943514e+01 2.690097145950943514e+01 1.190097145950943514e+01 7.400971459509435135e+00 1.890097145950943514e+01
1.557037463241783826e+01 4.682037463241783826e+01 2.957037463241783826e+01 4.182037463241783826e+01 3.257037463241783826e+01 2.507037463241783826e+01 1.693203746324178383e+02
1.220342884182662146e+01 4.203428841826621465e+00 3.497034288418266215e+02 3.559534288418266215e+02 2.370342884182662146e+01 2.220342884182662146e+01 1.170342884182662146e+01
2.379267650902454534e+01 2.229267650902454534e+01 1.979267650902454534e+01 1.404267650902454534e+01 1.229267650902454534e+01 2.004267650902454534e+01 2.429267650902454534e+01
1.882952060367978220e+01 2.157952060367978220e+01 2.057952060367978220e+01 2.032952060367978220e+01 2.032952060367978220e+01 1.907952060367978220e+01 1.757952060367978220e+01
2.259907966046625916e+01 1.859907966046625916e+01 1.534907966046625916e+01 1.159907966046625916e+01 1.484907966046625916e+01 2.909907966046625916e+01 2.109907966046625916e+01
0.000000000000000000e+00 0.000000000000000000e+00 0.000000000000000000e+00 0.000000000000000000e+00 0.000000000000000000e+00 0.000000000000000000e+00 0.000000000000000000e+00
0.000000000000000000e+00 0.000000000000000000e+00 0.000000000000000000e+00 0.000000000000000000e+00 0.000000000000000000e+00 0.000000000000000000e+00 0.000000000000000000e+00
0.000000000000000000e+00 0.000000000000000000e+00 0.000000000000000000e+00 0.000000000000000000e+00 0.000000000000000000e+00 0.000000000000000000e+00 0.000000000000000000e+00
0.000000000000000000e+00 0.000000000000000000e+00 0.000000000000000000e+00 0.000000000000000000e+00 0.000000000000000000e+00 0.000000000000000000e+00 0.000000000000000000e+00
0.000000000000000000e+00 0.000000000000000000e+00 0.000000000000000000e+00 0.000000000000000000e+00 0.000000000000000000e+00 0.000000000000000000e+00 0.000000000000000000e+00
0.000000000000000000e+00 0.000000000000000000e+00 0.000000000000000000e+00 0.000000000000000000e+00 0.000000000000000000e+00 0.000000000000000000e+00 0.000000000000000000e+00
3.723650763146520148e+01 4.123650763146520148e+01 5.348650763146520148e+01 6.248650763146520148e+01 6.998650763146520148e+01 6.248650763146520148e+01 1.727365076314652015e+02
0.000000000000000000e+00 0.000000000000000000e+00 0.000000000000000000e+00 0.000000000000000000e+00 0.000000000000000000e+00 0.000000000000000000e+00 0.000000000000000000e+00
1.282442579188648324e+01 1.082442579188648324e+01 3.483244257918864832e+02 1.582442579188648324e+01 1.632442579188648324e+01 1.557442579188648324e+01 9.574425791886483239e+00
2.886507181587205650e+00 3.583865071815872057e+02 2.263650718158720565e+01 2.313650718158720565e+01 3.573865071815872057e+02 1.788650718158720565e+01 2.313650718158720565e+01
1.544903240385445997e+01 1.844903240385445997e+01 2.094903240385445997e+01 1.944903240385445997e+01 7.949032403854459972e+00 3.501990324038544600e+02 1.949032403854459972e+00
2.089080009134949023e+01 2.064080009134949023e+01 2.139080009134949023e+01 2.364080009134949023e+01 2.314080009134949023e+01 2.139080009134949023e+01 1.839080009134949023e+01
4.396249049008645216e+00 3.483962490490086452e+02 9.896249049008645216e+00 3.451462490490086452e+02 3.458962490490086452e+02 3.483962490490086452e+02 3.531462490490086452e+02
2.567139134753068674e+01 3.399213913475306867e+02 3.017139134753068674e+01 1.171391347530686744e+00 3.192139134753068674e+01 2.374213913475306867e+02 2.489213913475306867e+02
1.209837773444161257e+01 3.510983777344416126e+02 2.234837773444161257e+01 3.470983777344416126e+02 3.465983777344416126e+02 3.503483777344416126e+02 3.558483777344416126e+02
1.268037226156701536e+01 1.543037226156701536e+01 1.968037226156701536e+01 1.918037226156701536e+01 1.718037226156701536e+01 1.618037226156701536e+01 1.618037226156701536e+01
2.075358210649561386e+00 1.825358210649561386e+00 1.382535821064956139e+01 3.507535821064956139e+01 4.507535821064954007e+01 1.132535821064956139e+01 1.757535821064956139e+01
4.428278954114603039e+00 8.428278954114603039e+00 1.517827895411460304e+01 2.042827895411460304e+01 1.792827895411460304e+01 1.442827895411460304e+01 1.767827895411460304e+01
0.000000000000000000e+00 0.000000000000000000e+00 0.000000000000000000e+00 0.000000000000000000e+00 0.000000000000000000e+00 0.000000000000000000e+00 0.000000000000000000e+00
5.548639959052991344e+00 1.079863995905299134e+01 1.804863995905299134e+01 1.904863995905299134e+01 1.554863995905299134e+01 1.654863995905299134e+01 1.929863995905299134e+01
3.825592982037221645e+00 9.325592982037221645e+00 1.657559298203722165e+01 1.957559298203722165e+01 1.632559298203722165e+01 1.557559298203722165e+01 1.832559298203722165e+01
0.000000000000000000e+00 0.000000000000000000e+00 0.000000000000000000e+00 0.000000000000000000e+00 0.000000000000000000e+00 0.000000000000000000e+00 0.000000000000000000e+00
1.656516545159161069e+01 1.631516545159161069e+01 1.431516545159161069e+01 1.131516545159161069e+01 4.181516545159161069e+01 6.256516545159161069e+01 2.431516545159161069e+01
1.763091280566459318e+01 1.688091280566459318e+01 1.538091280566459318e+01 2.138091280566459318e+01 2.988091280566459318e+01 2.988091280566459318e+01 1.838091280566459318e+01
2.571671050343144316e+01 2.621671050343144316e+01 2.796671050343144316e+01 2.046671050343144316e+01 1.921671050343144316e+01 1.921671050343144316e+01 1.421671050343144316e+01
1.588255271709812178e+01 1.663255271709812178e+01 2.013255271709812178e+01 1.938255271709812178e+01 1.713255271709812178e+01 2.188255271709812178e+01 1.963255271709812178e+01
0.000000000000000000e+00 0.000000000000000000e+00 0.000000000000000000e+00 0.000000000000000000e+00 0.000000000000000000e+00 0.000000000000000000e+00 0.000000000000000000e+00
3.531681428342842537e+02 3.584181428342842537e+02 3.459181428342842537e+02 3.289181428342842537e+02 3.444181428342842537e+02 3.526681428342842537e+02 3.159181428342842537e+02
4.776892981374533065e+01 4.226892981374533065e+01 2.176892981374533065e+01 1.426892981374533065e+01 3.325189298137453306e+02 3.522689298137453306e+02 1.426892981374533065e+01
0.000000000000000000e+00 0.000000000000000000e+00 0.000000000000000000e+00 0.000000000000000000e+00 0.000000000000000000e+00 0.000000000000000000e+00 0.000000000000000000e+00
3.282780710294738924e+01 2.207780710294738924e+01 3.555778071029474177e+02 3.363278071029474177e+02 7.007780710294738924e+01 7.357780710294738924e+01 3.435778071029474177e+02
1.339125323410422652e+01 1.389125323410422652e+01 1.914125323410422652e+01 2.439125323410422652e+01 2.539125323410422652e+01 1.714125323410422652e+01 9.641253234104226522e+00
2.209662657259946172e+01 2.009662657259946172e+01 2.084662657259946172e+01 2.034662657259946172e+01 1.934662657259946172e+01 1.334662657259946172e+01 1.534662657259946172e+01
1.907239614489185442e+01 2.332239614489185442e+01 2.657239614489185442e+01 2.582239614489185442e+01 1.607239614489185442e+01 1.907239614489185442e+01 1.957239614489185442e+01
0.000000000000000000e+00 0.000000000000000000e+00 0.000000000000000000e+00 0.000000000000000000e+00 0.000000000000000000e+00 0.000000000000000000e+00 0.000000000000000000e+00
3.499667098756862060e+02 6.716709875686206033e+00 2.521670987568620603e+01 3.046670987568620603e+01 1.446670987568620603e+01 1.071670987568620603e+01 1.696670987568620603e+01
3.478784484167321125e+02 3.493784484167321125e+02 3.553784484167321125e+02 1.237844841673211249e+01 3.062844841673211249e+01 1.862844841673211249e+01 1.812844841673211249e+01
3.272416161627171505e+01 7.724161616271715047e+00 1.072416161627171505e+01 2.897416161627171505e+01 9.224161616271715047e+00 3.529741616162717150e+02 7.022416161627171505e+01
2.708626755235867023e+01 3.108626755235867023e+01 3.358626755235867023e+01 2.608626755235867023e+01 7.808626755235866312e+01 4.108626755235867023e+01 2.998362675523586631e+02
0.000000000000000000e+00 0.000000000000000000e+00 0.000000000000000000e+00 0.000000000000000000e+00 0.000000000000000000e+00 0.000000000000000000e+00 0.000000000000000000e+00
0.000000000000000000e+00 0.000000000000000000e+00 0.000000000000000000e+00 0.000000000000000000e+00 0.000000000000000000e+00 0.000000000000000000e+00 0.000000000000000000e+00
1.900825016266406919e+01 2.675825016266406919e+01 2.225825016266406919e+01 1.800825016266406919e+01 1.950825016266406919e+01 2.250825016266406919e+01 1.725825016266406919e+01
0.000000000000000000e+00 0.000000000000000000e+00 0.000000000000000000e+00 0.000000000000000000e+00 0.000000000000000000e+00 0.000000000000000000e+00 0.000000000000000000e+00
0.000000000000000000e+00 0.000000000000000000e+00 0.000000000000000000e+00 0.000000000000000000e+00 0.000000000000000000e+00 0.000000000000000000e+00 0.000000000000000000e+00
2.702198882448038830e+01 3.077198882448038830e+01 2.502198882448038830e+01 2.271988824480388303e+00 1.002198882448038830e+01 1.652198882448038830e+01 1.252198882448038830e+01
0.000000000000000000e+00 0.000000000000000000e+00 0.000000000000000000e+00 0.000000000000000000e+00 0.000000000000000000e+00 0.000000000000000000e+00 0.000000000000000000e+00
3.776532507674090766e+01 3.251532507674090766e+01 1.801532507674090766e+01 7.515325076740907662e+00 5.265325076740907662e+00 1.551532507674090766e+01 1.526532507674090766e+01
2.122400997855413607e+01 2.747400997855413607e+01 3.722400997855413607e+01 3.322400997855413607e+01 2.072400997855413607e+01 1.497400997855413607e+01 1.797400997855413607e+01
