0.000000000000000000e+00 0.000000000000000000e+00 0.000000000000000000e+00 0.000000000000000000e+00 0.000000000000000000e+00 0.000000000000000000e+00 0.000000000000000000e+00
8.711488932546294084e-01 8.586262366180243966e-01 8.007820788269124357e-01 9.411138410183859104e-01 9.524096584118091346e-01 9.035707357294977538e-01 8.191996639221554855e-01
8.908611882761156009e-01 9.349696900616769613e-01 9.238911465182283456e-01 7.642615503301650737e-01 8.034302169041143138e-01 8.432303149442849088e-01 9.718374944699754714e-01
9.093673685405592177e-01 9.182768582731238860e-01 9.449127455139594289e-01 9.767259989591418057e-01 9.817347358230997800e-01 9.134689837933407386e-01 8.701220550288877309e-01
7.747110828016258166e-01 8.247138816106692749e-01 6.421007207841399334e-01 6.239574078211994612e-01 6.488884372437375703e-01 3.519162595545877736e-01 3.973058567037173749e-01
8.858834667230690574e-01 7.922366091517494269e-01 6.877430878401165071e-01 7.648507487708073871e-01 5.669130416397211158e-01 3.386176153467670424e-01 1.989281035942847276e-01
9.384948454588050160e-01 8.908105732517097586e-01 8.893200507283791634e-01 9.366727785433490716e-01 9.795441262856834364e-01 9.744548268760234722e-01 9.847964626306526803e-01
7.232930115713717134e-01 7.839346480916998816e-01 8.082713987557634816e-01 7.990958369745223555e-01 7.610335896550628476e-01 7.553116415235846537e-01 9.196076617487952687e-01
7.543421576422348895e-01 9.015100709194324713e-01 8.163768109116418259e-01 7.296736186075627462e-01 9.352467202033764027e-01 9.482138930204184746e-01 9.701606282251005187e-01
9.003776154274061305e-01 8.302747980528745186e-01 6.333073103199384768e-01 6.489298311953405340e-01 4.996012349366195093e-01 4.881161919716738296e-01 7.596461475412599196e-01
0.000000000000000000e+00 0.000000000000000000e+00 0.000000000000000000e+00 0.000000000000000000e+00 0.000000000000000000e+00 0.000000000000000000e+00 0.000000000000000000e+00
0.000000000000000000e+00 0.000000000000000000e+00 0.000000000000000000e+00 0.000000000000000000e+00 0.000000000000000000e+00 0.000000000000000000e+00 0.000000000000000000e+00
0.000000000000000000e+00 0.000000000000000000e+00 0.000000000000000000e+00 0.000000000000000000e+00 0.000000000000000000e+00 0.000000000000000000e+00 0.000000000000000000e+00
0.000000000000000000e+00 0.000000000000000000e+00 0.000000000000000000e+00 0.000000000000000000e+00 0.000000000000000000e+00 0.000000000000000000e+00 0.000000000000000000e+00
9.244289638289022726e-01 9.226284523934589199e-01 9.208616907102169513e-01 9.302465808321160878e-01 9.578442569714035182e-01 9.526507898664527962e-01 9.209826755963209655e-01
9.312236655486682002e-01 9.450984711235398406e-01 8.684360164580754438e-01 8.382270152388029416e-01 6.862561463434423414e-01 5.955531481495279778e-01 7.733654125285094327e-01
3.928327124857818875e-01 5.549899232215624867e-01 6.395548961254168274e-01 7.611040069813564957e-01 7.150032474137181238e-01 3.031491535952197669e-01 2.626182760551065143e-01
6.023705985539576924e-01 7.788224157791557856e-01 8.008073443641099409e-01 8.952227450852854318e-01 8.640274368892615353e-01 8.690993619778739632e-01 6.804899124147957279e-01
8.733379390345235027e-01 7.899161051365473085e-01 5.969467123028172617e-01 7.018031111921777532e-01 7.349237842502418516e-01 8.251055865821754765e-01 8.373411435746852538e-01
7.184197934294292986e-01 6.810227038795328980e-01 1.173884499576215434e-01 1.865397563196399822e-01 1.561407974929966691e-01 2.127781665135639877e-01 3.516746726279228463e-01
6.695400338689579955e-01 7.063287353807701230e-01 6.157235065034255550e-01 3.547719683653191014e-01 4.647720154623246613e-01 3.460319614706397484e-01 4.733916186903038281e-01
6.398801066693931006e-01 7.618862595021893558e-01 8.402416708651482269e-01 9.338236775696890923e-01 9.833347444028803785e-01 9.914818697776297540e-01 9.939354675000547923e-01
8.825461412690602803e-01 8.269176973651229945e-01 6.965448700895612300e-01 7.553291883073757207e-01 7.849682428893369757e-01 4.536351427743584019e-01 8.036495934748681957e-01
0.000000000000000000e+00 0.000000000000000000e+00 0.000000000000000000e+00 0.000000000000000000e+00 0.000000000000000000e+00 0.000000000000000000e+00 0.000000000000000000e+00
8.429587277234729115e-01 8.780713238378439200e-01 8.810186589962986092e-01 9.632858551326700658e-01 9.925852655553354387e-01 9.850101815622238632e-01 9.865909276733998423e-01
0.000000000000000000e+00 0.000000000000000000e+00 0.000000000000000000e+00 0.000000000000000000e+00 0.000000000000000000e+00 0.000000000000000000e+00 0.000000000000000000e+00
7.143529410748723496e-01 7.251900488002469558e-01 7.166805266578610834e-01 7.684518577442169818e-01 9.143707424045838250e-01 9.612366322874191793e-01 9.414551127798497232e-01
7.134508635141570965e-01 7.242276926628804512e-01 7.148957693909393507e-01 7.676810668521859560e-01 9.145243745390422285e-01 9.612760520099196127e-01 9.415073034059013857e-01
6.761645947629504327e-01 8.745066499404074989e-01 8.396459165819699644e-01 8.280701187340105962e-01 8.951345452697700988e-01 9.037322097982515290e-01 9.133671341121462062e-01
9.482496527105337414e-01 9.170243711498839989e-01 9.442421108433287635e-01 9.091033238575306763e-01 8.627390744976947135e-01 7.843360914801016381e-01 8.494631635376064249e-01
9.390793835180514249e-01 9.421779963084084830e-01 9.292820230638181300e-01 3.608744800159660593e-01 6.126402365783855108e-01 7.918882681040491089e-01 8.981678088800844062e-01
7.279244202924373131e-01 7.973016407343404000e-01 7.887757120549147016e-01 8.008899810663911989e-01 3.963755879342395483e-01 8.455102348839268478e-01 8.682532144847376898e-01
7.280671781997513081e-01 7.979267341577147565e-01 7.887333951546287025e-01 8.012665784009703751e-01 3.920174054288194099e-01 8.455907210787975137e-01 8.682952436319478773e-01
9.324636836148757491e-01 9.335066501024940067e-01 8.246331612191690752e-01 8.684358932630763528e-01 9.087556273002843632e-01 8.675728560203777029e-01 9.301566452168568144e-01
0.000000000000000000e+00 0.000000000000000000e+00 0.000000000000000000e+00 0.000000000000000000e+00 0.000000000000000000e+00 0.000000000000000000e+00 0.000000000000000000e+00
0.000000000000000000e+00 0.000000000000000000e+00 0.000000000000000000e+00 0.000000000000000000e+00 0.000000000000000000e+00 0.000000000000000000e+00 0.000000000000000000e+00
8.839761369671628177e-01 9.160717294024116608e-01 9.153273048854900784e-01 9.064204899723951048e-01 9.640593578594235380e-01 9.854518920966031104e-01 9.806111495048618343e-01
8.832691074110635698e-01 9.164876465200538780e-01 9.156966801297974357e-01 9.069074682956763667e-01 9.639928567859309405e-01 9.854506976056371936e-01 9.804090757013610435e-01
0.000000000000000000e+00 0.000000000000000000e+00 0.000000000000000000e+00 0.000000000000000000e+00 0.000000000000000000e+00 0.000000000000000000e+00 0.000000000000000000e+00
0.000000000000000000e+00 0.000000000000000000e+00 0.000000000000000000e+00 0.000000000000000000e+00 0.000000000000000000e+00 0.000000000000000000e+00 0.000000000000000000e+00
8.781137905989837567e-01 9.326005216654229546e-01 7.622755037355343211e-01 6.051023801634689558e-01 7.065066702032604118e-01 4.040192082328669110e-01 6.686588488743688830e-01
0.000000000000000000e+00 0.000000000000000000e+00 0.000000000000000000e+00 0.000000000000000000e+00 0.000000000000000000e+00 0.000000000000000000e+00 0.000000000000000000e+00
0.000000000000000000e+00 0.000000000000000000e+00 0.000000000000000000e+00 0.000000000000000000e+00 0.000000000000000000e+00 0.000000000000000000e+00 0.000000000000000000e+00
0.000000000000000000e+00 0.000000000000000000e+00 0.000000000000000000e+00 0.000000000000000000e+00 0.000000000000000000e+00 0.000000000000000000e+00 0.000000000000000000e+00
0.000000000000000000e+00 0.000000000000000000e+00 0.000000000000000000e+00 0.000000000000000000e+00 0.000000000000000000e+00 0.000000000000000000e+00 0.000000000000000000e+00
0.000000000000000000e+00 0.000000000000000000e+00 0.000000000000000000e+00 0.000000000000000000e+00 0.000000000000000000e+00 0.000000000000000000e+00 0.000000000000000000e+00
8.989350672492119054e-01 9.042728917237156105e-01 9.418089609393537343e-01 9.569335769130430380e-01 9.438932295428875685e-01 9.220010584940474541e-01 8.863982404258111680e-01
8.887017539317818571e-01 8.364332031418357793e-01 7.595367337647596084e-01 6.772235301702809185e-01 3.521308778627842972e-01 4.581887689323779211e-01 5.754847648507939173e-01
8.838121489800039310e-01 9.153119249680227165e-01 7.586004985082605012e-01 4.941169853953080171e-01 2.359335657022092192e-01 5.456302712660325849e-01 6.935651156392722561e-01
8.840684498602333630e-01 9.151759113171493709e-01 7.573624342984149882e-01 4.930521319312496931e-01 2.352735291411162388e-01 5.453830418585070561e-01 6.936499820786409254e-01
4.693346528724558486e-01 5.104871504439976171e-01 4.511441127143119845e-01 5.337249600446668518e-01 3.097889452953730971e-01 5.775757003093906494e-01 5.576706305604505198e-01
0.000000000000000000e+00 0.000000000000000000e+00 0.000000000000000000e+00 0.000000000000000000e+00 0.000000000000000000e+00 0.000000000000000000e+00 0.000000000000000000e+00
6.320813358769519219e-01 8.149684939875722067e-01 8.331290316094610571e-01 4.788500635778108472e-01 7.094001256155334501e-01 4.618110744246730071e-01 3.283112722491973168e-01
0.000000000000000000e+00 0.000000000000000000e+00 0.000000000000000000e+00 0.000000000000000000e+00 0.000000000000000000e+00 0.000000000000000000e+00 0.000000000000000000e+00
0.000000000000000000e+00 0.000000000000000000e+00 0.000000000000000000e+00 0.000000000000000000e+00 0.000000000000000000e+00 0.000000000000000000e+00 0.000000000000000000e+00
0.000000000000000000e+00 0.000000000000000000e+00 0.000000000000000000e+00 0.000000000000000000e+00 0.000000000000000000e+00 0.000000000000000000e+00 0.000000000000000000e+00
8.974652751834549802e-01 8.860396028761649001e-01 8.321516079776402064e-01 4.413609870254209255e-01 3.742164913605940391e-01 4.873174182399476750e-01 6.069008943858228422e-01
8.027328662135906345e-01 8.498480192103594621e-01 8.238650240308779127e-01 9.041104542552033108e-01 9.183438615008897576e-01 8.533633409860978958e-01 5.995311701112885361e-01
9.230058798711531232e-01 8.829623208661825373e-01 8.599268809943080294e-01 8.884217704047445707e-01 8.663830348429822914e-01 8.136489187809538004e-01 8.337685584185987597e-01
9.240479758362928342e-01 8.805458947996454011e-01 8.598721683298774510e-01 8.874223410465102990e-01 8.677358332120646001e-01 8.139678347883998466e-01 8.327722380781666933e-01
7.193296915864995089e-01 6.589916906966127863e-01 7.597505252526406405e-01 7.758610042971125775e-01 6.792127958541251953e-01 3.409698852431506388e-01 7.030590488287105089e-01
4.731428008882648251e-01 5.227925291751266412e-01 3.536544449729935868e-01 3.049310935779437348e-01 2.167851392360665430e-01 5.181238585044701805e-01 5.716764163195894310e-01
7.859237815421569184e-01 8.802359448405231435e-01 8.526025788041853293e-01 8.797800266703253991e-01 9.113920743008551151e-01 5.536246412033436481e-01 3.011449275248443413e-01
0.000000000000000000e+00 0.000000000000000000e+00 0.000000000000000000e+00 0.000000000000000000e+00 0.000000000000000000e+00 0.000000000000000000e+00 0.000000000000000000e+00
7.353551682385114363e-01 8.217757512870187409e-01 7.385115668711202952e-01 4.118240696434258830e-01 5.591267942602479168e-01 2.747525719982740755e-01 6.225519352946690121e-01
0.000000000000000000e+00 0.000000000000000000e+00 0.000000000000000000e+00 0.000000000000000000e+00 0.000000000000000000e+00 0.000000000000000000e+00 0.000000000000000000e+00
9.455180012462581773e-01 9.132686890522760947e-01 9.556129080545693322e-01 9.829159758203463992e-01 9.473418555361792226e-01 8.667632008207117877e-01 6.535973548934796984e-01
0.000000000000000000e+00 0.000000000000000000e+00 0.000000000000000000e+00 0.000000000000000000e+00 0.000000000000000000e+00 0.000000000000000000e+00 0.000000000000000000e+00
9.018191396744953403e-01 9.113385713659775123e-01 9.283894188686740989e-01 9.274457687021834262e-01 9.302198925035234378e-01 8.869736370764744748e-01 8.803540727524399312e-01
9.344626372701663186e-01 9.477395220428448397e-01 9.470131511472682506e-01 9.335081888830599750e-01 9.247464351513154934e-01 8.683553388571716436e-01 8.911113110505589630e-01
0.000000000000000000e+00 0.000000000000000000e+00 0.000000000000000000e+00 0.000000000000000000e+00 0.000000000000000000e+00 0.000000000000000000e+00 0.000000000000000000e+00
4.308813226081725789e-01 5.140307307548239724e-01 5.823333318893065824e-01 3.362437827514042077e-01 7.390986810459425627e-01 8.587106685855614430e-01 9.003042832524474903e-01
8.912296216059044651e-01 8.898696743883536264e-01 8.831420818630508762e-01 9.016413223753367845e-01 9.328606545529848360e-01 9.323630874988664274e-01 9.606752217602949617e-01
7.958105887472129991e-01 8.040070371892696910e-01 6.554249019342412996e-01 3.783778087025034265e-01 5.089195447789749416e-01 5.297656444752332217e-01 2.994550894085386550e-01
9.583766971237523968e-01 9.452779560166609807e-01 9.744747787837695352e-01 9.869654682219463071e-01 9.606772666536490535e-01 8.931645555736249520e-01 8.930008736952311788e-01
7.407644048697858974e-01 6.666340098211924747e-01 7.024785546118105239e-01 5.188144288385021508e-01 4.891661333682270629e-01 6.184711129341379232e-01 8.758515702644682488e-01
9.339884231750483767e-01 9.470780729515974050e-01 9.720459899709352758e-01 9.451361580281106844e-01 9.166147138238460723e-01 9.051857288997984252e-01 9.079893960582151591e-01
7.351015310447620577e-01 9.010497416280665028e-01 8.338080475670119895e-01 9.604813683601085561e-01 8.564086774812184055e-01 7.446036668122589797e-01 8.643219776575865598e-01
9.384572691296493296e-01 9.550592994838010830e-01 8.757117520217818640e-01 7.193045538349588375e-01 4.893527216240234901e-01 8.343088711027307758e-01 7.199286791938622754e-01
7.800316722212069509e-01 8.012684839250512336e-01 7.733759422833342834e-01 8.269032582583685231e-01 8.240953433311573040e-01 8.808310807323133096e-01 9.586674901042938624e-01
8.958617640658854686e-01 8.515096145992943066e-01 8.058954763003947086e-01 7.890410514448434887e-01 3.507381308891554528e-01 5.892950214441348145e-01 7.145775882293294856e-01
9.540809202702741354e-01 9.244540188204906084e-01 8.313198008240101355e-01 8.512610650236038801e-01 9.248784492371958654e-01 8.138723835805951046e-01 3.273153206630848855e-01
8.521321783486511814e-01 8.536001138247441000e-01 8.421672948244228740e-01 8.142192303321735825e-01 6.655922143734057661e-01 2.388352186531791099e-01 2.736866967290795261e-01
0.000000000000000000e+00 0.000000000000000000e+00 0.000000000000000000e+00 0.000000000000000000e+00 0.000000000000000000e+00 0.000000000000000000e+00 0.000000000000000000e+00
0.000000000000000000e+00 0.000000000000000000e+00 0.000000000000000000e+00 0.000000000000000000e+00 0.000000000000000000e+00 0.000000000000000000e+00 0.000000000000000000e+00
7.439046409414230565e-01 8.459986420935022844e-01 4.909408641400073159e-01 3.471502393190923352e-01 6.007839091195816827e-01 6.372180384097682060e-01 9.217128455757072070e-01
9.272947085175340387e-01 8.961700426583458778e-01 7.666609153501027230e-01 6.692287825337630558e-01 7.652956976932757671e-01 9.066030648688579996e-01 9.812137821311451846e-01
9.111268126788478749e-01 9.448725855336914670e-01 9.082611748347603209e-01 8.517457461194012369e-01 8.768880325242016660e-01 7.455389581169306057e-01 7.351169979196137128e-01
6.695823628540509276e-01 6.979040970626010365e-01 3.590678936732909499e-01 5.297421528045357375e-01 7.738838354268309239e-01 7.565278934433828928e-01 8.118379540113126458e-01
8.050964367802038169e-01 8.520890821042310659e-01 9.066546029052926503e-01 8.733609590189362892e-01 6.516655756877792749e-01 3.104091827766033429e-01 5.757670019256824201e-01
8.790171272975088046e-01 8.819787731795081243e-01 8.060774962468737481e-01 8.519252660423025647e-01 8.685075065156570018e-01 7.208444020266843166e-01 6.073516566157205476e-01
8.006478826987525332e-01 6.541086260182308321e-01 4.295006912021279155e-01 3.690184372859750539e-01 3.506148637950968205e-01 3.216001882775592069e-01 2.554543235736884688e-01
9.578488486719427542e-01 9.498241850673371234e-01 8.947475747548594427e-01 9.854547993938371775e-01 9.822387002261208089e-01 9.688159332362944465e-01 8.125335016573449476e-01
0.000000000000000000e+00 0.000000000000000000e+00 0.000000000000000000e+00 0.000000000000000000e+00 0.000000000000000000e+00 0.000000000000000000e+00 0.000000000000000000e+00
7.947751560258744519e-01 8.419833506436800175e-01 8.746019415956544085e-01 3.712485123912020457e-01 2.259512160207521048e-01 3.548029012782787373e-01 7.695850307190832407e-01
9.224393264616056465e-01 9.539644850066042459e-01 8.224868462711554251e-01 8.387013145928760016e-01 8.855377893189406713e-01 8.403257344707925069e-01 9.012780586085177292e-01
8.722777394432037479e-01 8.974185445387879989e-01 9.509060741564132613e-01 9.749887656418884108e-01 9.655241619295227284e-01 9.292522890218397613e-01 8.155884095700142167e-01
9.552351054843767342e-01 9.510996538282215917e-01 9.660884464414560835e-01 9.726696287523463047e-01 9.219987185956630693e-01 8.839403997685248981e-01 7.921009277185933062e-01
9.655157666898364077e-01 9.403102840774367754e-01 9.591360052036242978e-01 9.797321199276488590e-01 9.361457006370509371e-01 8.761810761784620816e-01 7.712236976941496680e-01
9.598339496699379580e-01 9.161537816923184252e-01 9.613938095393816941e-01 9.770620609842509685e-01 9.346849482647170415e-01 8.280529890191646869e-01 6.608035397021140289e-01
0.000000000000000000e+00 0.000000000000000000e+00 0.000000000000000000e+00 0.000000000000000000e+00 0.000000000000000000e+00 0.000000000000000000e+00 0.000000000000000000e+00
9.133745629483839279e-01 9.247257400660344739e-01 9.586310258510881699e-01 8.929921564886489360e-01 9.424083667089199201e-01 9.499660379129221122e-01 9.516641973241527497e-01
0.000000000000000000e+00 0.000000000000000000e+00 0.000000000000000000e+00 0.000000000000000000e+00 0.000000000000000000e+00 0.000000000000000000e+00 0.000000000000000000e+00
7.111464812026015991e-01 7.795109668809829806e-01 7.842408408579681911e-01 5.998053755678820487e-01 5.849743254452535179e-01 2.600836910655465739e-01 4.529588776672888728e-01
5.116703901995375281e-01 3.425828012930113298e-01 3.835724972541798561e-01 2.721596797537694234e-01 1.737416351879964294e-01 9.411399648051359257e-02 1.854850542397754598e-01
9.107757486493089916e-01 8.515760960364755494e-01 9.159221163670685506e-01 9.415169565279183361e-01 9.397092521322498726e-01 9.033733694352477084e-01 9.638729430539245691e-01
6.332565072737630363e-01 5.126289728942894364e-01 5.042389532126485552e-01 4.733793231395942436e-01 5.768487710732369544e-01 1.301567814645637755e-01 4.567340472858802958e-01
9.726879850580059106e-01 9.376873212007720282e-01 9.190843957369243533e-01 9.765361973205345381e-01 9.775909888573376394e-01 9.514391218207520762e-01 9.399847041475778431e-01
7.912075943154469604e-01 8.774130397511399337e-01 8.011292580086933901e-01 7.612615079418549868e-01 4.660872121999830586e-01 5.884593106148604535e-01 4.171086918818988076e-01
0.000000000000000000e+00 0.000000000000000000e+00 0.000000000000000000e+00 0.000000000000000000e+00 0.000000000000000000e+00 0.000000000000000000e+00 0.000000000000000000e+00
0.000000000000000000e+00 0.000000000000000000e+00 0.000000000000000000e+00 0.000000000000000000e+00 0.000000000000000000e+00 0.000000000000000000e+00 0.000000000000000000e+00
0.000000000000000000e+00 0.000000000000000000e+00 0.000000000000000000e+00 0.000000000000000000e+00 0.000000000000000000e+00 0.000000000000000000e+00 0.000000000000000000e+00
0.000000000000000000e+00 0.000000000000000000e+00 0.000000000000000000e+00 0.000000000000000000e+00 0.000000000000000000e+00 0.000000000000000000e+00 0.000000000000000000e+00
0.000000000000000000e+00 0.000000000000000000e+00 0.000000000000000000e+00 0.000000000000000000e+00 0.000000000000000000e+00 0.000000000000000000e+00 0.000000000000000000e+00
0.000000000000000000e+00 0.000000000000000000e+00 0.000000000000000000e+00 0.000000000000000000e+00 0.000000000000000000e+00 0.000000000000000000e+00 0.000000000000000000e+00
8.273382369962836158e-01 7.793607001371244403e-01 4.598420064800886609e-01 2.487282324826299851e-01 4.019200661703664634e-01 3.854388007151307582e-01 7.995613359178159463e-02
0.000000000000000000e+00 0.000000000000000000e+00 0.000000000000000000e+00 0.000000000000000000e+00 0.000000000000000000e+00 0.000000000000000000e+00 0.000000000000000000e+00
7.084042184335231918e-01 7.697888721433258086e-01 8.950971022566243107e-01 9.356143937329856053e-01 9.326370008359398112e-01 9.054165087585497318e-01 9.649356605338804682e-01
6.853887906561253462e-01 6.652016698066021139e-01 8.400624481094450813e-01 7.227202691739189611e-01 5.520388458413377775e-01 4.104958278453282872e-01 3.788291945442024411e-01
8.780702117592735778e-01 8.602497561249260460e-01 8.493530438503078539e-01 8.706364099378196553e-01 7.297107699123239755e-01 5.332861131828983137e-01 2.867434490418308557e-01
9.224899723648719574e-01 9.635111431512765057e-01 9.786832807852420268e-01 9.701975116285109779e-01 9.304231136147573800e-01 8.629250577382835408e-01 8.562885319444517584e-01
6.742544702350221630e-01 5.746930630152641273e-01 6.966546133985387357e-01 7.556324419605359166e-01 7.196094790479681258e-01 6.706755223188658466e-01 7.758137223262177029e-01
5.683116002382528897e-01 5.797915655541380220e-01 4.786013246659959197e-01 5.827260535604824598e-01 6.262442622171580098e-01 7.322360057837510317e-01 6.100804302742985907e-01
7.804097803279945733e-01 8.067761074808454946e-01 7.852726267883004541e-01 8.288443384246230172e-01 7.577420956685708697e-01 8.540073740496322285e-01 9.277331756292047649e-01
9.612975354911049708e-01 9.522809381981383048e-01 8.234193983101012471e-01 9.080597612872696178e-01 9.246046567329617716e-01 8.138641799283026224e-01 8.414012609171034329e-01
7.100793783870589237e-01 8.329106217030388670e-01 7.683702543361131676e-01 8.173482333379699094e-01 8.582277954655029850e-01 6.076322609917504947e-01 4.279508686209933521e-01
9.379313091898360266e-01 9.496356881695746655e-01 9.332453793892618865e-01 9.536057674210415280e-01 9.691431789527092944e-01 9.439169257981684380e-01 9.685128678826168125e-01
0.000000000000000000e+00 0.000000000000000000e+00 0.000000000000000000e+00 0.000000000000000000e+00 0.000000000000000000e+00 0.000000000000000000e+00 0.000000000000000000e+00
8.776908750375486123e-01 8.043832742798089352e-01 8.350233573992983382e-01 8.003029378003263528e-01 6.423260674249453572e-01 7.545754242659029609e-01 8.790548865786577126e-01
4.643058923196444199e-01 5.136968853542179803e-01 7.787100327949565415e-01 6.400250638499257461e-01 3.985934254058592363e-01 4.392891331084053941e-01 6.589481103539882589e-01
0.000000000000000000e+00 0.000000000000000000e+00 0.000000000000000000e+00 0.000000000000000000e+00 0.000000000000000000e+00 0.000000000000000000e+00 0.000000000000000000e+00
9.615611369386267704e-01 9.529590863312552562e-01 9.471022424268467077e-01 9.240764512484791471e-01 9.191904623717790379e-01 8.668954200962831758e-01 6.565826360992168542e-01
8.709733173043091581e-01 8.375638171550841005e-01 5.826245286873232843e-01 7.234535649894039411e-01 7.355326147458861596e-01 6.632248450767302961e-01 8.357800692173741330e-01
9.287250605484324018e-01 8.814668377488266149e-01 8.880323033109912556e-01 9.083684664381129759e-01 8.864245019728638209e-01 8.932411692449598872e-01 9.035289134388672094e-01
9.649612255133679373e-01 9.618646383642395215e-01 9.251187296481637734e-01 9.040109866866721244e-01 9.109399809574831863e-01 9.195466544727718405e-01 9.486239835321519376e-01
0.000000000000000000e+00 0.000000000000000000e+00 0.000000000000000000e+00 0.000000000000000000e+00 0.000000000000000000e+00 0.000000000000000000e+00 0.000000000000000000e+00
8.218003390174701828e-01 8.312961011547066459e-01 7.935835780715494447e-01 6.841729872421449254e-01 7.134780425503196577e-01 4.005091000526293521e-01 5.038838586548264331e-01
7.874713436430365032e-01 7.301335533389899934e-01 7.356592845126601610e-01 7.964254373367349871e-01 7.465128631917922197e-01 8.602785001899082573e-01 9.588486354556121638e-01
0.000000000000000000e+00 0.000000000000000000e+00 0.000000000000000000e+00 0.000000000000000000e+00 0.000000000000000000e+00 0.000000000000000000e+00 0.000000000000000000e+00
4.576770177630050118e-01 6.658068725817964939e-01 6.341029537409845762e-01 6.575944989755314607e-01 6.717097807073825200e-01 2.734526534338337367e-01 2.826492761562771627e-01
6.951993515937979762e-01 8.183660977829156913e-01 8.400152772662412559e-01 7.815199450160048578e-01 7.607792869729774754e-01 4.010471166978366586e-01 6.360554916954852533e-01
7.074744044379215335e-01 7.461859131430738090e-01 8.019992134391324967e-01 7.991413975935495184e-01 7.181802809300300572e-01 5.900354018031938041e-01 5.919699080392285540e-01
9.733554322505711953e-01 9.450481226511598942e-01 9.120608677016220911e-01 9.643499497325388470e-01 9.766258050791742917e-01 9.565389952711144117e-01 9.213300377851884049e-01
0.000000000000000000e+00 0.000000000000000000e+00 0.000000000000000000e+00 0.000000000000000000e+00 0.000000000000000000e+00 0.000000000000000000e+00 0.000000000000000000e+00
8.896188399753479636e-01 9.523320191641672094e-01 9.231793884034666942e-01 6.658323970947931381e-01 4.069328519291560697e-01 3.387431402425472582e-01 6.013881755673636809e-01
6.813203783406828196e-01 6.475813282159026407e-01 7.886828552690191563e-01 6.718227643408002381e-01 6.822203394601221715e-01 4.335494090170604609e-01 4.651115675045119913e-01
4.318454962172843525e-01 2.384135192527979674e-01 6.714760191706509174e-01 5.660503516286884418e-01 4.301592718258550607e-01 3.743680849469954719e-01 6.197334881867594403e-01
6.228021011100509652e-01 4.266954014109827220e-01 1.147905496379460488e-01 4.710219053070793804e-01 4.499578994710055624e-01 3.607894755932094522e-01 6.073407243653936582e-01
0.000000000000000000e+00 0.000000000000000000e+00 0.000000000000000000e+00 0.000000000000000000e+00 0.000000000000000000e+00 0.000000000000000000e+00 0.000000000000000000e+00
0.000000000000000000e+00 0.000000000000000000e+00 0.000000000000000000e+00 0.000000000000000000e+00 0.000000000000000000e+00 0.000000000000000000e+00 0.000000000000000000e+00
9.399786467619377639e-01 9.357463268074447393e-01 8.897795941239893258e-01 9.276543951319058401e-01 9.145824252479282102e-01 9.566236965773089462e-01 9.533616480762198142e-01
0.000000000000000000e+00 0.000000000000000000e+00 0.000000000000000000e+00 0.000000000000000000e+00 0.000000000000000000e+00 0.000000000000000000e+00 0.000000000000000000e+00
0.000000000000000000e+00 0.000000000000000000e+00 0.000000000000000000e+00 0.000000000000000000e+00 0.000000000000000000e+00 0.000000000000000000e+00 0.000000000000000000e+00
7.383342715983395310e-01 8.932945555276035066e-01 9.013571478601499765e-01 8.638703751950563836e-01 9.007819634014464505e-01 8.701149201196244354e-01 9.586151855694706736e-01
0.000000000000000000e+00 0.000000000000000000e+00 0.000000000000000000e+00 0.000000000000000000e+00 0.000000000000000000e+00 0.000000000000000000e+00 0.000000000000000000e+00
9.726686138890161537e-01 9.604602615427206835e-01 9.703272825409369196e-01 9.817261789907281155e-01 9.664762360905996275e-01 9.035525611445928140e-01 9.112477735693016445e-01
8.743896029948975412e-01 9.177095385532516580e-01 8.985491909178837666e-01 8.887636479554565927e-01 8.533262278763394937e-01 7.893535921081334950e-01 7.846536871909047806e-01
