0.000000000000000000e+00 0.000000000000000000e+00 0.000000000000000000e+00 0.000000000000000000e+00 0.000000000000000000e+00 0.000000000000000000e+00 0.000000000000000000e+00
1.808111265695339398e+01 6.331112656953393980e+00 1.581112656953393980e+00 9.331112656953393980e+00 1.883111265695339398e+01 2.133111265695339398e+01 3.568311126569533940e+02
2.211206300599866381e+01 1.761206300599866381e+01 1.736206300599866381e+01 2.362063005998663812e+00 3.408620630059986638e+02 3.553620630059986638e+02 3.862063005998663812e+00
1.053717963264222135e+01 2.478717963264222135e+01 1.453717963264222135e+01 1.903717963264222135e+01 1.778717963264222135e+01 1.653717963264222135e+01 1.603717963264222135e+01
3.594003877099330566e+02 2.565038770993305661e+01 4.940038770993305661e+01 3.890038770993305661e+01 1.840038770993305661e+01 3.284003877099330566e+02 3.439003877099330566e+02
3.435014589883701319e+01 2.635014589883701319e+01 2.485014589883701319e+01 3.085014589883701319e+01 6.850145898837013192e+00 3.541001458988370132e+02 2.310014589883701319e+01
2.496698134285327342e+01 3.071698134285327342e+01 1.321698134285327342e+01 2.966981342853273418e+00 1.421698134285327342e+01 2.296698134285327342e+01 1.721698134285327342e+01
1.312523389604601221e+01 1.512523389604601221e+01 2.362523389604601221e+01 2.887523389604601221e+01 1.837523389604601221e+01 1.187523389604601221e+01 1.662523389604601221e+01
3.473092806594888202e+02 8.092806594888202198e-01 5.559280659488820220e+00 1.605928065948882022e+01 2.705928065948882022e+01 2.505928065948882022e+01 3.309280659488820220e+00
3.538212718726131243e+02 3.503212718726131243e+02 3.507127187261312429e+01 2.857127187261312429e+01 5.307127187261312429e+01 5.782127187261312429e+01 3.440712718726131243e+02
0.000000000000000000e+00 0.000000000000000000e+00 0.000000000000000000e+00 0.000000000000000000e+00 0.000000000000000000e+00 0.000000000000000000e+00 0.000000000000000000e+00
0.000000000000000000e+00 0.000000000000000000e+00 0.000000000000000000e+00 0.000000000000000000e+00 0.000000000000000000e+00 0.000000000000000000e+00 0.000000000000000000e+00
0.000000000000000000e+00 0.000000000000000000e+00 0.000000000000000000e+00 0.000000000000000000e+00 0.000000000000000000e+00 0.000000000000000000e+00 0.000000000000000000e+00
0.000000000000000000e+00 0.000000000000000000e+00 0.000000000000000000e+00 0.000000000000000000e+00 0.000000000000000000e+00 0.000000000000000000e+00 0.000000000000000000e+00
2.211946234803991729e+01 1.961946234803991729e+01 1.711946234803991729e+01 1.861946234803991729e+01 2.261946234803991729e+01 2.761946234803991729e+01 2.386946234803991729e+01
1.247969087737175187e+01 1.422969087737175187e+01 1.297969087737175187e+01 3.347969087737175187e+01 3.747969087737175187e+01 1.747969087737175187e+01 1.122969087737175187e+01
1.677851191718085033e+01 1.927851191718085033e+01 4.127851191718085033e+01 3.577851191718085033e+01 2.577851191718085033e+01 3.452785119171808219e+02 3.027851191718085033e+01
2.191211470107515424e+01 1.916211470107515424e+01 2.916211470107515424e+01 2.991211470107515424e+01 1.916211470107515424e+01 1.641211470107515424e+01 2.441211470107515424e+01
3.522619992346955655e+02 3.455119992346955655e+02 4.226199923469556552e+01 5.201199923469556552e+01 3.326199923469556552e+01 1.176199923469556552e+01 1.451199923469556552e+01
3.592190465987719108e+02 3.434690465987719108e+02 3.462190465987719108e+02 4.596904659877191079e+01 9.021904659877191079e+01 2.696904659877191079e+01 3.579690465987719108e+02
4.831578492244403833e+01 5.231578492244403833e+01 7.306578492244403833e+01 6.231578492244403833e+01 5.206578492244403833e+01 8.031578492244403833e+01 3.410657849224440383e+02
5.278746829990666356e+00 9.778746829990666356e+00 4.278746829990666356e+00 3.597787468299906664e+02 4.028746829990666356e+00 1.352874682999066636e+01 1.002874682999066636e+01
8.484290909343371823e+00 7.234290909343371823e+00 3.392342909093433718e+02 3.482342909093433718e+02 3.542342909093433718e+02 5.734290909343371823e+00 1.498429090934337182e+01
0.000000000000000000e+00 0.000000000000000000e+00 0.000000000000000000e+00 0.000000000000000000e+00 0.000000000000000000e+00 0.000000000000000000e+00 0.000000000000000000e+00
4.164791291868465350e+01 5.014791291868465350e+01 3.839791291868465350e+01 1.439791291868465350e+01 1.289791291868465350e+01 1.689791291868465350e+01 1.739791291868465350e+01
0.000000000000000000e+00 0.000000000000000000e+00 0.000000000000000000e+00 0.000000000000000000e+00 0.000000000000000000e+00 0.000000000000000000e+00 0.000000000000000000e+00
3.425635981821531004e+02 8.135981821531004243e-01 6.813598182153100424e+00 2.813598182153100424e+00 3.553135981821531004e+02 3.570635981821531004e+02 7.313598182153100424e+00
3.423040604841334016e+02 8.040604841334015873e-01 6.804060484133401587e+00 2.804060484133401587e+00 3.553040604841334016e+02 3.570540604841334016e+02 7.304060484133401587e+00
3.189852753034100488e+02 3.352352753034100488e+02 3.592352753034100488e+02 3.579852753034100488e+02 3.735275303410048764e+00 2.352753034100487639e-01 1.148527530341004876e+01
2.533417150954204544e+01 2.908417150954204544e+01 3.383417150954204544e+01 2.908417150954204544e+01 1.308417150954204544e+01 2.084171509542045442e+00 1.433417150954204544e+01
1.115315817912261309e+01 2.615315817912261309e+01 2.140315817912261309e+01 1.531581791226130917e-01 1.040315817912261309e+01 1.440315817912261309e+01 1.740315817912261309e+01
3.567856208677852692e+02 2.578562086778526918e+01 3.353562086778526918e+01 5.378562086778526918e+01 3.587856208677852692e+02 1.903562086778526918e+01 1.103562086778526918e+01
3.567846697608367208e+02 2.578466976083672080e+01 3.353466976083672080e+01 5.378466976083672080e+01 3.585346697608367208e+02 1.903466976083672080e+01 1.103466976083672080e+01
2.183626698526148857e+01 2.108626698526148857e+01 1.883626698526148857e+01 2.658626698526148857e+01 1.908626698526148857e+01 3.565862669852614886e+02 8.086266985261488571e+00
0.000000000000000000e+00 0.000000000000000000e+00 0.000000000000000000e+00 0.000000000000000000e+00 0.000000000000000000e+00 0.000000000000000000e+00 0.000000000000000000e+00
0.000000000000000000e+00 0.000000000000000000e+00 0.000000000000000000e+00 0.000000000000000000e+00 0.000000000000000000e+00 0.000000000000000000e+00 0.000000000000000000e+00
3.778120679371795632e+01 3.678120679371795632e+01 2.353120679371795632e+01 2.103120679371795632e+01 3.378120679371795632e+01 2.778120679371795632e+01 1.803120679371795632e+01
3.778379957178549375e+01 3.703379957178549375e+01 2.378379957178549375e+01 2.128379957178549375e+01 3.378379957178549375e+01 2.778379957178549375e+01 1.803379957178549375e+01
0.000000000000000000e+00 0.000000000000000000e+00 0.000000000000000000e+00 0.000000000000000000e+00 0.000000000000000000e+00 0.000000000000000000e+00 0.000000000000000000e+00
0.000000000000000000e+00 0.000000000000000000e+00 0.000000000000000000e+00 0.000000000000000000e+00 0.000000000000000000e+00 0.000000000000000000e+00 0.000000000000000000e+00
3.491113067394114751e+02 3.516113067394114751e+02 3.596113067394114751e+02 3.463613067394114751e+02 3.471113067394114751e+02 1.386130673941147506e+01 8.861306739411475064e+00
0.000000000000000000e+00 0.000000000000000000e+00 0.000000000000000000e+00 0.000000000000000000e+00 0.000000000000000000e+00 0.000000000000000000e+00 0.000000000000000000e+00
0.000000000000000000e+00 0.000000000000000000e+00 0.000000000000000000e+00 0.000000000000000000e+00 0.000000000000000000e+00 0.000000000000000000e+00 0.000000000000000000e+00
0.000000000000000000e+00 0.000000000000000000e+00 0.000000000000000000e+00 0.000000000000000000e+00 0.000000000000000000e+00 0.000000000000000000e+00 0.000000000000000000e+00
0.000000000000000000e+00 0.000000000000000000e+00 0.000000000000000000e+00 0.000000000000000000e+00 0.000000000000000000e+00 0.000000000000000000e+00 0.000000000000000000e+00
0.000000000000000000e+00 0.000000000000000000e+00 0.000000000000000000e+00 0.000000000000000000e+00 0.000000000000000000e+00 0.000000000000000000e+00 0.000000000000000000e+00
2.548904033264511781e+01 2.173904033264511781e+01 2.123904033264511781e+01 1.623904033264511781e+01 1.498904033264511781e+01 1.748904033264511781e+01 6.739040332645117815e+00
3.430906162797697334e+02 2.340616279769733410e+00 3.580906162797697334e+02 7.340616279769733410e+00 1.259061627976973341e+01 2.009061627976973341e+01 1.234061627976973341e+01
3.590838836703655943e+02 3.538338836703655943e+02 3.510838836703655943e+02 3.368338836703655943e+02 1.833883670365594298e+00 1.355838836703655943e+02 8.508388367036559430e+01
3.590899184295641362e+02 3.538399184295641362e+02 3.510899184295641362e+02 3.368399184295641362e+02 1.589918429564136204e+00 1.355899184295641362e+02 8.533991842956413620e+01
3.351962103590003608e+02 3.081962103590003608e+02 3.094462103590003608e+02 3.309462103590003608e+02 3.409462103590003608e+02 2.119621035900036077e+01 2.841962103590003608e+02
0.000000000000000000e+00 0.000000000000000000e+00 0.000000000000000000e+00 0.000000000000000000e+00 0.000000000000000000e+00 0.000000000000000000e+00 0.000000000000000000e+00
3.568133792373017172e+02 3.368133792373017172e+02 3.558133792373017172e+02 3.563379237301717239e+00 3.208133792373017172e+02 3.013133792373017172e+02 2.806337923730171724e+01
0.000000000000000000e+00 0.000000000000000000e+00 0.000000000000000000e+00 0.000000000000000000e+00 0.000000000000000000e+00 0.000000000000000000e+00 0.000000000000000000e+00
0.000000000000000000e+00 0.000000000000000000e+00 0.000000000000000000e+00 0.000000000000000000e+00 0.000000000000000000e+00 0.000000000000000000e+00 0.000000000000000000e+00
0.000000000000000000e+00 0.000000000000000000e+00 0.000000000000000000e+00 0.000000000000000000e+00 0.000000000000000000e+00 0.000000000000000000e+00 0.000000000000000000e+00
3.590113332867063036e+02 3.590113332867063036e+02 1.976133328670630362e+01 7.511333286706303625e+00 4.351133328670630362e+01 3.626133328670630362e+01 1.926133328670630362e+01
9.367526214615963909e+00 2.611752621461596391e+01 4.236752621461596391e+01 3.561752621461596391e+01 3.661752621461596391e+01 2.736752621461596391e+01 1.336752621461596391e+01
4.971893014807415057e+01 2.671893014807415057e+01 6.968930148074150566e+00 1.796893014807415057e+01 1.671893014807415057e+01 1.871893014807415057e+01 3.121893014807415057e+01
4.946456779312512708e+01 2.671456779312512708e+01 6.964567793125127082e+00 1.771456779312512708e+01 1.646456779312512708e+01 1.871456779312512708e+01 3.121456779312512708e+01
3.124309300809638898e+02 3.284309300809638898e+02 3.494309300809638898e+02 3.494309300809638898e+02 3.511809300809638898e+02 3.593093008096388985e+01 2.493093008096388985e+01
4.161097623776566934e+01 2.461097623776566934e+01 3.431109762377656693e+02 1.058609762377656693e+02 7.886097623776566934e+01 3.321109762377656693e+02 3.311097623776566934e+01
2.703369023616494360e+01 4.228369023616494360e+01 4.303369023616494360e+01 3.503369023616494360e+01 2.403369023616494360e+01 1.453369023616494360e+01 1.978369023616494360e+01
0.000000000000000000e+00 0.000000000000000000e+00 0.000000000000000000e+00 0.000000000000000000e+00 0.000000000000000000e+00 0.000000000000000000e+00 0.000000000000000000e+00
2.448036173769060042e+01 7.230361737690600421e+00 2.230361737690600421e+00 1.048036173769060042e+01 1.998036173769060042e+01 2.614803617376906004e+02 3.147303617376906004e+02
0.000000000000000000e+00 0.000000000000000000e+00 0.000000000000000000e+00 0.000000000000000000e+00 0.000000000000000000e+00 0.000000000000000000e+00 0.000000000000000000e+00
1.754223034538239290e+01 2.029223034538239290e+01 1.479223034538239290e+01 1.554223034538239290e+01 1.504223034538239290e+01 1.579223034538239290e+01 6.292230345382392898e+00
0.000000000000000000e+00 0.000000000000000000e+00 0.000000000000000000e+00 0.000000000000000000e+00 0.000000000000000000e+00 0.000000000000000000e+00 0.000000000000000000e+00
2.967575950118595074e+01 2.792575950118595074e+01 3.342575950118595074e+01 3.392575950118595074e+01 2.192575950118595074e+01 2.242575950118595074e+01 1.742575950118595074e+01
1.906512311726277176e+01 1.756512311726277176e+01 2.081512311726277176e+01 2.931512311726277176e+01 2.181512311726277176e+01 2.281512311726277176e+01 1.806512311726277176e+01
0.000000000000000000e+00 0.000000000000000000e+00 0.000000000000000000e+00 0.000000000000000000e+00 0.000000000000000000e+00 0.000000000000000000e+00 0.000000000000000000e+00
4.892753277740644080e+01 5.917753277740644080e+01 5.317753277740644080e+01 8.927532777406440800e+00 3.476775327774064408e+02 3.509275327774064408e+02 3.544275327774064408e+02
3.576378524795106841e+02 3.538878524795106841e+02 4.887852479510684134e+00 2.463785247951068413e+01 1.363785247951068413e+01 1.288785247951068413e+01 1.363785247951068413e+01
4.798211422351550937e+01 2.823211422351550937e+01 1.973211422351550937e+01 5.223211422351550937e+01 2.098211422351550937e+01 3.139821142235155094e+02 3.462321142235155094e+02
2.221224628191663442e+01 2.196224628191663442e+01 1.946224628191663442e+01 1.371224628191663442e+01 9.962246281916634416e+00 3.584622462819166344e+02 5.462246281916634416e+00
2.937516012349016137e+01 2.637516012349016137e+01 1.737516012349016137e+01 3.493751601234901614e+02 2.462516012349016137e+01 1.637516012349016137e+01 3.561251601234901614e+02
1.939909953530997200e+01 1.564909953530997200e+01 1.889909953530997200e+01 3.339909953530997200e+01 2.514909953530997200e+01 1.664909953530997200e+01 1.289909953530997200e+01
3.546337670265996849e+02 5.133767026599684868e+00 3.596337670265996849e+02 3.211337670265996849e+02 3.283837670265996849e+02 3.028837670265996849e+02 3.271337670265996849e+02
3.175631306448030955e+01 3.875631306448030955e+01 5.900631306448030955e+01 4.975631306448030955e+01 3.600631306448030955e+01 3.200631306448030955e+01 1.025631306448030955e+01
1.192162803999804055e+01 2.421628039998040549e+00 3.921628039998040549e+00 1.592162803999804055e+01 3.242162803999804055e+01 2.567162803999804055e+01 9.921628039998040549e+00
6.715423057175939903e-01 1.392154230571759399e+01 4.017154230571759399e+01 3.242154230571759399e+01 3.581715423057175940e+02 1.692154230571759399e+01 2.067154230571759399e+01
1.104975968051212476e+01 1.779975968051212476e+01 2.329975968051212476e+01 1.929975968051212476e+01 1.379975968051212476e+01 9.299759680512124760e+00 7.904975968051212476e+01
2.761655894432988134e+01 2.611655894432988134e+01 1.886655894432988134e+01 2.611655894432988134e+01 1.086655894432988134e+01 2.573665589443298813e+02 4.786655894432988134e+01
0.000000000000000000e+00 0.000000000000000000e+00 0.000000000000000000e+00 0.000000000000000000e+00 0.000000000000000000e+00 0.000000000000000000e+00 0.000000000000000000e+00
0.000000000000000000e+00 0.000000000000000000e+00 0.000000000000000000e+00 0.000000000000000000e+00 0.000000000000000000e+00 0.000000000000000000e+00 0.000000000000000000e+00
3.492090342569727568e+02 1.459034256972756793e+00 3.170903425697275679e+01 3.467090342569727568e+02 3.502090342569727568e+02 3.574590342569727568e+02 1.245903425697275679e+01
5.822866864650336538e+00 3.322866864650336538e+00 1.507286686465033654e+01 2.157286686465033654e+01 2.057286686465033654e+01 3.332286686465033654e+01 1.257286686465033654e+01
2.065028872267532734e+01 1.940028872267532734e+01 5.150288722675327335e+00 3.589002887226753273e+02 3.559002887226753273e+02 1.400288722675327335e+00 1.890028872267532734e+01
5.363007028164759049e+00 3.506130070281647590e+02 3.443630070281647590e+02 7.113007028164759049e+00 9.363007028164759049e+00 7.613007028164759049e+00 3.566130070281647590e+02
2.920990396370996223e+01 2.195990396370996223e+01 2.470990396370996223e+01 2.320990396370996223e+01 2.295990396370996223e+01 3.372099039637099622e+02 3.422099039637099622e+02
3.119148145973969122e+01 3.344148145973969122e+01 3.919148145973969122e+01 2.144148145973969122e+01 1.144148145973969122e+01 1.844148145973969122e+01 6.919148145973969122e+01
3.166961309219766463e+01 2.241961309219766463e+01 1.066961309219766463e+01 6.941961309219766463e+01 1.781696130921976646e+02 1.829196130921976646e+02 5.241961309219766463e+01
1.455994161703091549e+02 1.420994161703091549e+02 1.370994161703091549e+02 1.298494161703091549e+02 1.263494161703091549e+02 1.373494161703091549e+02 1.425994161703091549e+02
0.000000000000000000e+00 0.000000000000000000e+00 0.000000000000000000e+00 0.000000000000000000e+00 0.000000000000000000e+00 0.000000000000000000e+00 0.000000000000000000e+00
3.715675567781318023e+00 9.965675567781318023e+00 2.471567556778131802e+01 7.071567556778131802e+01 7.121567556778131802e+01 5.146567556778131802e+01 3.552156755677813180e+02
2.085746574639551909e+01 1.810746574639551909e+01 2.710746574639551909e+01 3.035746574639551909e+01 9.607465746395519091e+00 1.635746574639551909e+01 2.160746574639551909e+01
8.543024133417475241e+00 1.879302413341747524e+01 2.079302413341747524e+01 1.454302413341747524e+01 6.543024133417475241e+00 1.729302413341747524e+01 2.054302413341747524e+01
1.545545108974022241e+01 2.270545108974022241e+01 2.295545108974022241e+01 1.320545108974022241e+01 8.455451089740222415e+00 9.205451089740222415e+00 3.542054510897402224e+02
1.973140678018404515e+01 2.173140678018404515e+01 1.973140678018404515e+01 1.448140678018404515e+01 1.173140678018404515e+01 1.223140678018404515e+01 5.981406780184045147e+00
2.286551994054161696e+01 2.036551994054161696e+01 1.336551994054161696e+01 1.211551994054161696e+01 1.136551994054161696e+01 1.386551994054161696e+01 5.115519940541616961e+00
0.000000000000000000e+00 0.000000000000000000e+00 0.000000000000000000e+00 0.000000000000000000e+00 0.000000000000000000e+00 0.000000000000000000e+00 0.000000000000000000e+00
2.447548324030151434e+01 2.622548324030151434e+01 2.322548324030151434e+01 3.519754832403015143e+02 5.725483240301514343e+00 1.597548324030151434e+01 1.872548324030151434e+01
0.000000000000000000e+00 0.000000000000000000e+00 0.000000000000000000e+00 0.000000000000000000e+00 0.000000000000000000e+00 0.000000000000000000e+00 0.000000000000000000e+00
2.040097145950943514e+01 2.040097145950943514e+01 2.265097145950943514e+01 2.790097145950943514e+01 1.565097145950943514e+01 3.231509714595094351e+02 1.900971459509435135e+00
7.307037463241783826e+01 6.657037463241783826e+01 1.345703746324178383e+02 1.730703746324178383e+02 1.908203746324178383e+02 3.423203746324178383e+02 7.432037463241783826e+01
2.220342884182662146e+01 1.495342884182662146e+01 1.170342884182662146e+01 6.453428841826621465e+00 4.703428841826621465e+00 7.203428841826621465e+00 4.703428841826621465e+00
1.929267650902454534e+01 1.279267650902454534e+01 1.729267650902454534e+01 5.429267650902454534e+01 3.979267650902454534e+01 8.042676509024545339e+00 4.542676509024545339e+00
2.032952060367978220e+01 1.982952060367978220e+01 1.282952060367978220e+01 1.407952060367978220e+01 1.582952060367978220e+01 5.829520603679782198e+00 1.057952060367978220e+01
3.584907966046625916e+01 2.909907966046625916e+01 2.634907966046625916e+01 1.384907966046625916e+01 6.849079660466259156e+00 1.484907966046625916e+01 1.459907966046625916e+01
0.000000000000000000e+00 0.000000000000000000e+00 0.000000000000000000e+00 0.000000000000000000e+00 0.000000000000000000e+00 0.000000000000000000e+00 0.000000000000000000e+00
0.000000000000000000e+00 0.000000000000000000e+00 0.000000000000000000e+00 0.000000000000000000e+00 0.000000000000000000e+00 0.000000000000000000e+00 0.000000000000000000e+00
0.000000000000000000e+00 0.000000000000000000e+00 0.000000000000000000e+00 0.000000000000000000e+00 0.000000000000000000e+00 0.000000000000000000e+00 0.000000000000000000e+00
0.000000000000000000e+00 0.000000000000000000e+00 0.000000000000000000e+00 0.000000000000000000e+00 0.000000000000000000e+00 0.000000000000000000e+00 0.000000000000000000e+00
0.000000000000000000e+00 0.000000000000000000e+00 0.000000000000000000e+00 0.000000000000000000e+00 0.000000000000000000e+00 0.000000000000000000e+00 0.000000000000000000e+00
0.000000000000000000e+00 0.000000000000000000e+00 0.000000000000000000e+00 0.000000000000000000e+00 0.000000000000000000e+00 0.000000000000000000e+00 0.000000000000000000e+00
7.498650763146520148e+01 7.573650763146520148e+01 1.029865076314652015e+02 1.937365076314652015e+02 2.264865076314652015e+02 2.629865076314652015e+02 3.342365076314652015e+02
0.000000000000000000e+00 0.000000000000000000e+00 0.000000000000000000e+00 0.000000000000000000e+00 0.000000000000000000e+00 0.000000000000000000e+00 0.000000000000000000e+00
3.074425791886483239e+00 1.074425791886483239e+00 6.324425791886483239e+00 7.324425791886483239e+00 6.574425791886483239e+00 2.574425791886483239e+00 5.074425791886483239e+00
3.476365071815872057e+02 1.663650718158720565e+01 1.513650718158720565e+01 2.838650718158720565e+01 6.886507181587205650e+00 3.888650718158720565e+01 4.288650718158720565e+01
5.444903240385445997e+01 4.919903240385445997e+01 4.169903240385445997e+01 5.844903240385445997e+01 7.294903240385445997e+01 4.869903240385445997e+01 5.949032403854459972e+00
8.140800091349490231e+00 2.539080009134949023e+01 2.339080009134949023e+01 1.564080009134949023e+01 1.714080009134949023e+01 2.064080009134949023e+01 1.114080009134949023e+01
3.539624904900864522e+01 1.289624904900864522e+01 9.896249049008645216e+00 3.573962490490086452e+02 3.516462490490086452e+02 2.439624904900864522e+01 1.814624904900864522e+01
6.242139134753068674e+01 6.792139134753068674e+01 3.592139134753068674e+01 2.792139134753068674e+01 3.479213913475306867e+02 3.101713913475306867e+02 3.016713913475306867e+02
5.009837773444161257e+01 3.159837773444161257e+01 1.309837773444161257e+01 3.598483777344416126e+02 3.585983777344416126e+02 7.848377734441612574e+00 1.859837773444161257e+01
1.718037226156701536e+01 2.318037226156701536e+01 2.118037226156701536e+01 2.768037226156701536e+01 1.968037226156701536e+01 1.218037226156701536e+01 1.668037226156701536e+01
8.325358210649568491e+00 1.507535821064956849e+01 1.732535821064956849e+01 1.457535821064956849e+01 3.585753582106495969e+02 3.548253582106495969e+02 2.157535821064956849e+01
2.117827895411460304e+01 1.342827895411460304e+01 3.576782789541146030e+02 1.217827895411460304e+01 1.067827895411460304e+01 1.867827895411460304e+01 2.042827895411460304e+01
0.000000000000000000e+00 0.000000000000000000e+00 0.000000000000000000e+00 0.000000000000000000e+00 0.000000000000000000e+00 0.000000000000000000e+00 0.000000000000000000e+00
1.204863995905299134e+01 4.654863995905299134e+01 3.204863995905299134e+01 1.329863995905299134e+01 3.597986399590529913e+02 1.154863995905299134e+01 1.604863995905299134e+01
1.207559298203722165e+01 5.257559298203722165e+01 4.632559298203722165e+01 3.657559298203722165e+01 2.632559298203722165e+01 1.907559298203722165e+01 7.575592982037221645e+00
0.000000000000000000e+00 0.000000000000000000e+00 0.000000000000000000e+00 0.000000000000000000e+00 0.000000000000000000e+00 0.000000000000000000e+00 0.000000000000000000e+00
2.281516545159161069e+01 3.156516545159161069e+01 3.581516545159161069e+01 2.481516545159161069e+01 2.256516545159161069e+01 1.856516545159161069e+01 3.543151654515916107e+02
3.513809128056645932e+02 3.561309128056645932e+02 6.309128056645931792e-01 3.496309128056645932e+02 3.573809128056645932e+02 7.630912805664593179e+00 8.130912805664593179e+00
3.821671050343144316e+01 2.096671050343144316e+01 5.216710503431443158e+00 2.246671050343144316e+01 1.396671050343144316e+01 3.559667105034314432e+02 2.146671050343144316e+01
4.138255271709812178e+01 3.088255271709812178e+01 3.113255271709812178e+01 4.288255271709812178e+01 2.688255271709812178e+01 1.063255271709812178e+01 2.438255271709812178e+01
0.000000000000000000e+00 0.000000000000000000e+00 0.000000000000000000e+00 0.000000000000000000e+00 0.000000000000000000e+00 0.000000000000000000e+00 0.000000000000000000e+00
1.991814283428425369e+01 3.559181428342842537e+02 3.529181428342842537e+02 1.316814283428425369e+01 3.341814283428425369e+01 4.091814283428425369e+01 8.966814283428425369e+01
4.226892981374533065e+01 3.851892981374533065e+01 3.026892981374533065e+01 1.176892981374533065e+01 8.268929813745330648e+00 1.676892981374533065e+01 1.226892981374533065e+01
0.000000000000000000e+00 0.000000000000000000e+00 0.000000000000000000e+00 0.000000000000000000e+00 0.000000000000000000e+00 0.000000000000000000e+00 0.000000000000000000e+00
3.483278071029474177e+02 2.807780710294741766e+01 3.207780710294741766e+01 3.523278071029474177e+02 3.413278071029474177e+02 3.435778071029474177e+02 3.365778071029474177e+02
5.891253234104226522e+00 2.214125323410422652e+01 4.214125323410422652e+01 1.814125323410422652e+01 1.664125323410422652e+01 7.391253234104226522e+00 7.891253234104226522e+00
1.409662657259946172e+01 2.734662657259946172e+01 4.659662657259946172e+01 3.759662657259946172e+01 3.384662657259946172e+01 1.834662657259946172e+01 2.434662657259946172e+01
1.732239614489185442e+01 2.682239614489185442e+01 1.007239614489185442e+01 1.707239614489185442e+01 1.607239614489185442e+01 1.507239614489185442e+01 1.707239614489185442e+01
0.000000000000000000e+00 0.000000000000000000e+00 0.000000000000000000e+00 0.000000000000000000e+00 0.000000000000000000e+00 0.000000000000000000e+00 0.000000000000000000e+00
1.846670987568620603e+01 1.871670987568620603e+01 2.596670987568620603e+01 5.221670987568620603e+01 8.146670987568620603e+01 3.132167098756862060e+02 6.966709875686206033e+00
3.366284484167321125e+02 3.486284484167321125e+02 3.448784484167321125e+02 3.356284484167321125e+02 3.186284484167321125e+02 3.026284484167321125e+02 3.241284484167321125e+02
8.272416161627171505e+01 6.797416161627171505e+01 6.047416161627171505e+01 1.052241616162717150e+02 1.039741616162717150e+02 1.219741616162717150e+02 9.272416161627171505e+01
2.500862675523586631e+02 2.545862675523586631e+02 3.305862675523586631e+02 6.836267552358663124e+00 3.593362675523586631e+02 7.836267552358663124e+00 3.586267552358663124e+00
0.000000000000000000e+00 0.000000000000000000e+00 0.000000000000000000e+00 0.000000000000000000e+00 0.000000000000000000e+00 0.000000000000000000e+00 0.000000000000000000e+00
0.000000000000000000e+00 0.000000000000000000e+00 0.000000000000000000e+00 0.000000000000000000e+00 0.000000000000000000e+00 0.000000000000000000e+00 0.000000000000000000e+00
1.600825016266406919e+01 2.300825016266406919e+01 1.750825016266406919e+01 3.975825016266406919e+01 1.475825016266406919e+01 9.758250162664069194e+00 1.800825016266406919e+01
0.000000000000000000e+00 0.000000000000000000e+00 0.000000000000000000e+00 0.000000000000000000e+00 0.000000000000000000e+00 0.000000000000000000e+00 0.000000000000000000e+00
0.000000000000000000e+00 0.000000000000000000e+00 0.000000000000000000e+00 0.000000000000000000e+00 0.000000000000000000e+00 0.000000000000000000e+00 0.000000000000000000e+00
3.802198882448038830e+01 3.177198882448038830e+01 1.477198882448038830e+01 3.420219888244803883e+02 3.590219888244803883e+02 1.277198882448038830e+01 8.771988824480388303e+00
0.000000000000000000e+00 0.000000000000000000e+00 0.000000000000000000e+00 0.000000000000000000e+00 0.000000000000000000e+00 0.000000000000000000e+00 0.000000000000000000e+00
1.926532507674090766e+01 1.276532507674090766e+01 7.515325076740907662e+00 1.726532507674090766e+01 3.001532507674090766e+01 1.651532507674090766e+01 1.201532507674090766e+01
4.797400997855413607e+01 3.772400997855413607e+01 1.697400997855413607e+01 1.822400997855413607e+01 2.997400997855413607e+01 3.497400997855413607e+01 2.747400997855413607e+01
