0.000000000000000000e+00 0.000000000000000000e+00 0.000000000000000000e+00 0.000000000000000000e+00 0.000000000000000000e+00 0.000000000000000000e+00 0.000000000000000000e+00
9.307523521007019518e-01 9.543676376620574553e-01 9.546413140117803175e-01 9.216527679593907729e-01 8.967821921290727305e-01 7.859169089032502775e-01 8.329974834744865442e-01
9.639162844438564637e-01 9.613664847389044033e-01 9.791006440691278900e-01 9.758293112520086687e-01 9.593023604442458829e-01 9.382339842186220302e-01 9.562163012678733809e-01
9.776239324692943544e-01 9.823915735052162201e-01 9.858906330894343650e-01 9.814138068447972874e-01 9.813693556339860846e-01 9.862578376230047850e-01 9.845725622676165800e-01
7.275664407516605481e-01 5.591080082256917327e-01 7.536292954111547537e-01 7.898416472206010175e-01 8.788810791068792927e-01 9.583092370700481144e-01 8.696527369486276582e-01
9.866252922449415541e-01 9.856391637410281126e-01 9.801823311802599914e-01 9.737759321868727502e-01 9.163396500712800430e-01 5.795444452261100388e-01 4.954416438906613096e-01
9.696499756517797941e-01 9.706143702800535955e-01 9.751955840501455031e-01 9.414838311401233506e-01 9.132194485252729255e-01 9.303117036578143484e-01 9.740696033488410732e-01
9.521215190656023841e-01 9.584104467209295652e-01 9.082280070539534567e-01 8.474593634196745384e-01 9.750368255542172236e-01 9.770274663191234055e-01 9.820674971413868581e-01
9.174222995241823053e-01 8.186609905267416831e-01 5.202427764119603726e-01 1.660463243213873563e-01 4.607735783050208589e-01 3.372982563127010502e-01 7.008888148580418864e-01
9.260790974939887565e-01 9.039832996777128482e-01 8.929946701295072842e-01 8.646947345486410974e-01 8.296493168854662814e-01 6.338083647085548389e-01 4.833259142511858175e-01
0.000000000000000000e+00 0.000000000000000000e+00 0.000000000000000000e+00 0.000000000000000000e+00 0.000000000000000000e+00 0.000000000000000000e+00 0.000000000000000000e+00
0.000000000000000000e+00 0.000000000000000000e+00 0.000000000000000000e+00 0.000000000000000000e+00 0.000000000000000000e+00 0.000000000000000000e+00 0.000000000000000000e+00
0.000000000000000000e+00 0.000000000000000000e+00 0.000000000000000000e+00 0.000000000000000000e+00 0.000000000000000000e+00 0.000000000000000000e+00 0.000000000000000000e+00
0.000000000000000000e+00 0.000000000000000000e+00 0.000000000000000000e+00 0.000000000000000000e+00 0.000000000000000000e+00 0.000000000000000000e+00 0.000000000000000000e+00
9.273278848363899485e-01 9.645358332444650129e-01 9.845698149886548123e-01 9.788616961468030730e-01 9.481478293809614266e-01 8.538377763106169693e-01 8.801683130920987530e-01
9.792126347399606745e-01 9.806580878388022615e-01 9.806075763257000588e-01 9.813611110957094485e-01 9.867582195327334604e-01 9.914598120739940290e-01 9.974777836625966509e-01
9.716254508552375491e-01 9.861378573652795909e-01 9.572677206383165549e-01 9.768988719078106620e-01 9.443298619379317804e-01 9.530180869424806911e-01 9.752670229215555375e-01
4.417035414990599373e-01 4.950741573980350640e-01 5.632437811647147408e-01 6.121430549002115917e-01 6.383041217170835058e-01 7.096117876399318236e-01 8.561851362443035907e-01
8.766386391738189010e-01 7.083029876502526800e-01 4.685940566118039774e-01 5.743948322210993274e-01 8.239943301145454813e-01 8.423793758492268413e-01 8.888858368729097847e-01
9.816700754083861336e-01 9.525120156708508645e-01 8.666641022993729626e-01 7.248189936902508235e-01 8.253782142154905133e-01 8.949304963423867498e-01 9.352106878467765227e-01
9.263369677286926729e-01 8.982346030270885739e-01 8.114584453970328237e-01 6.148419676182107496e-01 5.166119127975085101e-01 6.707562664722431789e-01 9.500385925931381648e-01
7.342081187768926265e-01 6.128352820196408812e-01 3.268482167135260408e-01 3.667069177450424933e-01 4.608723116098401018e-01 6.895679114969212042e-01 7.165149115055770013e-01
9.840654663521735124e-01 9.612150599233224568e-01 9.291241454473728734e-01 9.288459126555597134e-01 9.420650660834096746e-01 9.241866372483532599e-01 6.346904180651958827e-01
0.000000000000000000e+00 0.000000000000000000e+00 0.000000000000000000e+00 0.000000000000000000e+00 0.000000000000000000e+00 0.000000000000000000e+00 0.000000000000000000e+00
9.547343480762821022e-01 9.508821619710992046e-01 9.365295906704440565e-01 9.058977478733910571e-01 9.191852369063006067e-01 9.543185598427533778e-01 9.774347042466590141e-01
0.000000000000000000e+00 0.000000000000000000e+00 0.000000000000000000e+00 0.000000000000000000e+00 0.000000000000000000e+00 0.000000000000000000e+00 0.000000000000000000e+00
9.621087305094403463e-01 9.500825023536775271e-01 9.212010800765947360e-01 8.673821685739847576e-01 8.185985885886934987e-01 7.664376266546868433e-01 8.139825207834997522e-01
9.621666717605047436e-01 9.501209450341363549e-01 9.211233185732033979e-01 8.673855411722218856e-01 8.188032320473925818e-01 7.664421874982126903e-01 8.139270563799333447e-01
9.263686789502778574e-01 9.247395872040530262e-01 9.086255704399618383e-01 9.226970917214478707e-01 8.967358854648046496e-01 9.077859788023753262e-01 8.822990246642650192e-01
9.419419413462749580e-01 9.238758169046501489e-01 9.359340061409502365e-01 9.542501208994743633e-01 9.579188384790278121e-01 9.444270831745779082e-01 9.688765710408271392e-01
9.798684499328249586e-01 9.740463835506723012e-01 9.801298588442479698e-01 9.857150902227794775e-01 9.887339451545612556e-01 9.883816741791340288e-01 9.895676933382211438e-01
8.318481675703383038e-01 8.419618916753276450e-01 9.096860038096976631e-01 9.548945324977765603e-01 9.169006309582325986e-01 7.872513476287459344e-01 8.769473075911086157e-01
8.313819899639143252e-01 8.423199251019154454e-01 9.100366931694837680e-01 9.548888630232064134e-01 9.167344137049906472e-01 7.871553925452294820e-01 8.769371402577577079e-01
9.820749077425724449e-01 9.775138378964234320e-01 9.553488065061938039e-01 7.112058740563210746e-01 8.915021923630737088e-01 4.218885060499292794e-01 3.095333998963314404e-01
0.000000000000000000e+00 0.000000000000000000e+00 0.000000000000000000e+00 0.000000000000000000e+00 0.000000000000000000e+00 0.000000000000000000e+00 0.000000000000000000e+00
0.000000000000000000e+00 0.000000000000000000e+00 0.000000000000000000e+00 0.000000000000000000e+00 0.000000000000000000e+00 0.000000000000000000e+00 0.000000000000000000e+00
9.458346689408504426e-01 9.477807177791274240e-01 9.317163674570240195e-01 9.179842931749850887e-01 9.340998452534489127e-01 9.692874583607520300e-01 9.814603808843862520e-01
9.457693028180543804e-01 9.478109078471987914e-01 9.320381754689575082e-01 9.179089231916985892e-01 9.340955137694948451e-01 9.692842036527364868e-01 9.815507715063036542e-01
0.000000000000000000e+00 0.000000000000000000e+00 0.000000000000000000e+00 0.000000000000000000e+00 0.000000000000000000e+00 0.000000000000000000e+00 0.000000000000000000e+00
0.000000000000000000e+00 0.000000000000000000e+00 0.000000000000000000e+00 0.000000000000000000e+00 0.000000000000000000e+00 0.000000000000000000e+00 0.000000000000000000e+00
9.892431817526925464e-01 9.774498958900237344e-01 9.636857460937888753e-01 9.493183848155265503e-01 9.418668040348679993e-01 9.194327207383677925e-01 7.729027293698930157e-01
0.000000000000000000e+00 0.000000000000000000e+00 0.000000000000000000e+00 0.000000000000000000e+00 0.000000000000000000e+00 0.000000000000000000e+00 0.000000000000000000e+00
0.000000000000000000e+00 0.000000000000000000e+00 0.000000000000000000e+00 0.000000000000000000e+00 0.000000000000000000e+00 0.000000000000000000e+00 0.000000000000000000e+00
0.000000000000000000e+00 0.000000000000000000e+00 0.000000000000000000e+00 0.000000000000000000e+00 0.000000000000000000e+00 0.000000000000000000e+00 0.000000000000000000e+00
0.000000000000000000e+00 0.000000000000000000e+00 0.000000000000000000e+00 0.000000000000000000e+00 0.000000000000000000e+00 0.000000000000000000e+00 0.000000000000000000e+00
0.000000000000000000e+00 0.000000000000000000e+00 0.000000000000000000e+00 0.000000000000000000e+00 0.000000000000000000e+00 0.000000000000000000e+00 0.000000000000000000e+00
9.873767563015195536e-01 9.828246167438746683e-01 9.834552896335261307e-01 9.857696533169784114e-01 8.885098031243967576e-01 8.872062671995055716e-01 9.772939189875057275e-01
9.603199717304532479e-01 9.323819923976006674e-01 8.691556678779402967e-01 7.740158905007785695e-01 7.768020289174295545e-01 7.493133280578331279e-01 7.643307695794993029e-01
9.842932328478699588e-01 9.731471572893166666e-01 9.538707462029011319e-01 9.032128946468837016e-01 8.383563610238808916e-01 4.843718289690442380e-01 1.548753406331875859e-01
9.842573809503691873e-01 9.732185343113073372e-01 9.540713636883038085e-01 9.033839369344341952e-01 8.373212069350566278e-01 4.847855698560137316e-01 1.544532429460352130e-01
9.327499525239958400e-01 8.978368087424303257e-01 8.095427010235990428e-01 7.756278587553848691e-01 8.023174574059628306e-01 1.305744139441337714e-01 3.156493874535933886e-01
0.000000000000000000e+00 0.000000000000000000e+00 0.000000000000000000e+00 0.000000000000000000e+00 0.000000000000000000e+00 0.000000000000000000e+00 0.000000000000000000e+00
9.270180274825762234e-01 9.251070992418106709e-01 8.589464920491240996e-01 6.552325490781213402e-01 5.326758492744809725e-01 6.135961036595424245e-01 5.438655903670313041e-01
0.000000000000000000e+00 0.000000000000000000e+00 0.000000000000000000e+00 0.000000000000000000e+00 0.000000000000000000e+00 0.000000000000000000e+00 0.000000000000000000e+00
0.000000000000000000e+00 0.000000000000000000e+00 0.000000000000000000e+00 0.000000000000000000e+00 0.000000000000000000e+00 0.000000000000000000e+00 0.000000000000000000e+00
0.000000000000000000e+00 0.000000000000000000e+00 0.000000000000000000e+00 0.000000000000000000e+00 0.000000000000000000e+00 0.000000000000000000e+00 0.000000000000000000e+00
9.944207697723823625e-01 9.883393019011439407e-01 9.733504973861557552e-01 9.607096124745504451e-01 9.539516520441420067e-01 9.453747098767636414e-01 9.334033679562413477e-01
9.669103801313975177e-01 9.224096454280010793e-01 6.841670520634690611e-01 6.341130202356561885e-01 9.367092439359615552e-01 6.202104594570124751e-01 9.436745889222630801e-01
9.529469666139284145e-01 9.593191919168887472e-01 9.612034567210354652e-01 9.760255264829110766e-01 9.500505734712624273e-01 8.562022839739085178e-01 8.851480908433937422e-01
9.540221015897655255e-01 9.593838678442940804e-01 9.612381962832287075e-01 9.760362424454004371e-01 9.492225048405568133e-01 8.561899925667471045e-01 8.854932075549823978e-01
9.608560741541197769e-01 8.778849054685140540e-01 9.058943007345032772e-01 9.367117949812822086e-01 9.569483451779531302e-01 9.331378267954233419e-01 8.304903676721823169e-01
9.614934733042688197e-01 9.562649356442685100e-01 9.102014225624281973e-01 7.413195529720342236e-01 8.207451372960273828e-01 9.878929666329631099e-01 9.264736146584995335e-01
9.774829393333469563e-01 9.762993562286851335e-01 9.710080502884466114e-01 9.643448186694870694e-01 9.674001217450708401e-01 9.919174394083891677e-01 9.891800892511091181e-01
0.000000000000000000e+00 0.000000000000000000e+00 0.000000000000000000e+00 0.000000000000000000e+00 0.000000000000000000e+00 0.000000000000000000e+00 0.000000000000000000e+00
9.814841733648738131e-01 9.689398092633039195e-01 9.618162437877596505e-01 9.477062390041558482e-01 9.526107130095889941e-01 9.409563997768217725e-01 9.832598994710172180e-01
0.000000000000000000e+00 0.000000000000000000e+00 0.000000000000000000e+00 0.000000000000000000e+00 0.000000000000000000e+00 0.000000000000000000e+00 0.000000000000000000e+00
9.431957536853885493e-01 9.435595800256556531e-01 9.562222791272223521e-01 9.628236322408091352e-01 9.536841893847963769e-01 9.214467495076509307e-01 9.890818152420228770e-01
0.000000000000000000e+00 0.000000000000000000e+00 0.000000000000000000e+00 0.000000000000000000e+00 0.000000000000000000e+00 0.000000000000000000e+00 0.000000000000000000e+00
9.778714550342277878e-01 9.799733998600070883e-01 9.829252971092308222e-01 9.884177223408907587e-01 9.909658421485502133e-01 9.927695533861856658e-01 9.951734419108428931e-01
9.789509060362646675e-01 9.813263432875924952e-01 9.843767010512290971e-01 9.888572047947816746e-01 9.916896537032212633e-01 9.947994361674470376e-01 9.964640852157303774e-01
0.000000000000000000e+00 0.000000000000000000e+00 0.000000000000000000e+00 0.000000000000000000e+00 0.000000000000000000e+00 0.000000000000000000e+00 0.000000000000000000e+00
6.916284897047830782e-01 7.326570864859828225e-01 7.962864328869051489e-01 8.143673130819637507e-01 9.313170250382208915e-01 9.407291926020155959e-01 9.577973155278887152e-01
9.778153284460233685e-01 9.779306680106146787e-01 9.814912715945293131e-01 9.712451783082839407e-01 9.432013758362743916e-01 8.758044147249248734e-01 9.526847294487138518e-01
9.741610130853572969e-01 9.685024201125249643e-01 8.914155341451134307e-01 6.526380556477746619e-01 6.615876184078625100e-01 9.063486577768499197e-01 8.450860223770010338e-01
9.501671980332406786e-01 9.601328936310301598e-01 9.654629914230772325e-01 9.505172915371576936e-01 9.640309241411054719e-01 9.808435662617970285e-01 9.917714078235200237e-01
9.050741531961876696e-01 9.142210025592442113e-01 8.263576082355327257e-01 7.361123650681327124e-01 5.221152810321998405e-01 6.079053213647566123e-01 5.423003314921492901e-01
9.763455564308166634e-01 9.791102219634716386e-01 9.826381689919992946e-01 9.874311920452244484e-01 9.901300870331464221e-01 9.933122316499560789e-01 9.964549402285601820e-01
9.444457595235512537e-01 9.120905989168406336e-01 8.427913937470485894e-01 8.234103654636620861e-01 8.660309485431583187e-01 8.753165996857041886e-01 3.919041011478356373e-01
9.584772657220462788e-01 9.574291899608670109e-01 9.618743196596682976e-01 9.590110627473685811e-01 9.245709471280962877e-01 6.078927311042628956e-01 8.265560724180368579e-01
9.202583627530409593e-01 7.943366212685259997e-01 6.230310131797112128e-01 7.830715610895292444e-01 9.285108410764847386e-01 9.760230522406480036e-01 9.829995448285734350e-01
9.618250165944181029e-01 9.606669430434396917e-01 9.389543102921470430e-01 8.309008103904180764e-01 8.475041727855640028e-01 9.339494368277707625e-01 9.626727430414298015e-01
9.793911000253638921e-01 9.820217940399160739e-01 9.862673118074138934e-01 9.828211947625008493e-01 9.789785547071104821e-01 9.586349709515560313e-01 9.179819524831798194e-01
9.868980747150436494e-01 9.793615920048189816e-01 9.660183369077599558e-01 9.607256820028786670e-01 9.742357302739702574e-01 9.809954124444970613e-01 9.522184579851404873e-01
0.000000000000000000e+00 0.000000000000000000e+00 0.000000000000000000e+00 0.000000000000000000e+00 0.000000000000000000e+00 0.000000000000000000e+00 0.000000000000000000e+00
0.000000000000000000e+00 0.000000000000000000e+00 0.000000000000000000e+00 0.000000000000000000e+00 0.000000000000000000e+00 0.000000000000000000e+00 0.000000000000000000e+00
9.748377039576653358e-01 9.663214938880270166e-01 9.465840341649218725e-01 8.921073095640660311e-01 9.126854029638622468e-01 9.263704313628056131e-01 9.716606634265499975e-01
9.521451567995166121e-01 9.627123000100932249e-01 9.779993802026679672e-01 9.800172411416765428e-01 9.522431375950558552e-01 9.373764759292746440e-01 9.712852094839842243e-01
9.741402896804618461e-01 9.750055056304722800e-01 9.799466777298708742e-01 9.799890483030148092e-01 9.772608386334741271e-01 9.829202574400416337e-01 9.892856649325563190e-01
5.150770523840615400e-01 7.148811283749447743e-01 9.246836796323658625e-01 9.466676954389897647e-01 9.667981296159696702e-01 9.354231081538220138e-01 9.153253591077996631e-01
9.632278245887053725e-01 9.419522221590309607e-01 8.188886272289438439e-01 9.214802317960537614e-01 9.318366677685470112e-01 8.854597350433252023e-01 7.201137150984416868e-01
9.579774230037311211e-01 9.301995453823840299e-01 7.919546462587745417e-01 6.203473665360723643e-01 7.680531661378283692e-01 8.880023176587951150e-01 9.254103876938654105e-01
9.670657517901407596e-01 9.696984361021446786e-01 9.743657264774721050e-01 9.809113025567929300e-01 9.814043097664301163e-01 9.671640861585060200e-01 8.393985451169403422e-01
9.646930629050352035e-01 9.426980962002140529e-01 8.866482827725261640e-01 7.792138322606795287e-01 6.646722015263458738e-01 4.720009043043223440e-01 3.407794323545195181e-01
0.000000000000000000e+00 0.000000000000000000e+00 0.000000000000000000e+00 0.000000000000000000e+00 0.000000000000000000e+00 0.000000000000000000e+00 0.000000000000000000e+00
9.374960349239644941e-01 9.281484801327237744e-01 9.287556946135874236e-01 9.428117522977207399e-01 9.281729809308337797e-01 9.115112411588179864e-01 9.104308458155870865e-01
9.411758032318229272e-01 9.385709241094560840e-01 9.514839829927043136e-01 9.505642955400979144e-01 9.742446492720023832e-01 5.065282529872745521e-01 7.645061320462879229e-01
9.531020221054488095e-01 9.182013746308032021e-01 9.226606876050407191e-01 9.608014114181767651e-01 9.870989751201604268e-01 9.912050968445605958e-01 9.902950787793420862e-01
9.480094912789670536e-01 9.396912988042167569e-01 9.590032403250868809e-01 9.549853957702498786e-01 9.581690148255241901e-01 9.679381375776654473e-01 9.881739825425231993e-01
9.621711386461349047e-01 9.724926200124882625e-01 9.678530642719634924e-01 9.611133862727534449e-01 9.326993281201130248e-01 9.458417731816547436e-01 9.889817950309239825e-01
9.321841692447740968e-01 9.451582040596795409e-01 9.581936916825224415e-01 9.480304508849771716e-01 9.316506153728938422e-01 9.413524480754992263e-01 9.909226490271789700e-01
0.000000000000000000e+00 0.000000000000000000e+00 0.000000000000000000e+00 0.000000000000000000e+00 0.000000000000000000e+00 0.000000000000000000e+00 0.000000000000000000e+00
9.625535362787150939e-01 9.691839804014218407e-01 9.698336669879370486e-01 9.341803483207562486e-01 9.222697302297929722e-01 4.918352097616004448e-01 7.061736671661756892e-01
0.000000000000000000e+00 0.000000000000000000e+00 0.000000000000000000e+00 0.000000000000000000e+00 0.000000000000000000e+00 0.000000000000000000e+00 0.000000000000000000e+00
9.687457994076421608e-01 9.663005326887155189e-01 9.442984316516249699e-01 9.021772661522952097e-01 9.373862440085707348e-01 8.760094693928567322e-01 9.828559071808248282e-01
2.216765400587316914e-01 3.472124713606472568e-01 4.673045637703245880e-01 7.412983437383093843e-01 5.926431857833975858e-01 4.675479804796857652e-01 7.191107167443339110e-02
9.585971970417512811e-01 9.789541270835494524e-01 9.722611373626995901e-01 9.349446955315992014e-01 9.316954935777349567e-01 9.538380942040137755e-01 9.727444902541126925e-01
9.844420056461349322e-01 9.698665433752472476e-01 9.731514233870731667e-01 9.817521928671208986e-01 9.848990720442247770e-01 9.833634767240339025e-01 9.869564649845571358e-01
9.800410622279552841e-01 9.848939788193828981e-01 9.820381672599587386e-01 9.753437171106141834e-01 9.758667919757920695e-01 9.867060362400024154e-01 9.937828323820850907e-01
9.732599050024675069e-01 9.783520785861428148e-01 9.830549555825927044e-01 9.809468690849687533e-01 9.782326600408881578e-01 9.064505857147521217e-01 9.769212997065210846e-01
0.000000000000000000e+00 0.000000000000000000e+00 0.000000000000000000e+00 0.000000000000000000e+00 0.000000000000000000e+00 0.000000000000000000e+00 0.000000000000000000e+00
0.000000000000000000e+00 0.000000000000000000e+00 0.000000000000000000e+00 0.000000000000000000e+00 0.000000000000000000e+00 0.000000000000000000e+00 0.000000000000000000e+00
0.000000000000000000e+00 0.000000000000000000e+00 0.000000000000000000e+00 0.000000000000000000e+00 0.000000000000000000e+00 0.000000000000000000e+00 0.000000000000000000e+00
0.000000000000000000e+00 0.000000000000000000e+00 0.000000000000000000e+00 0.000000000000000000e+00 0.000000000000000000e+00 0.000000000000000000e+00 0.000000000000000000e+00
0.000000000000000000e+00 0.000000000000000000e+00 0.000000000000000000e+00 0.000000000000000000e+00 0.000000000000000000e+00 0.000000000000000000e+00 0.000000000000000000e+00
0.000000000000000000e+00 0.000000000000000000e+00 0.000000000000000000e+00 0.000000000000000000e+00 0.000000000000000000e+00 0.000000000000000000e+00 0.000000000000000000e+00
5.151908228212879193e-01 7.534659461648837153e-01 8.040088996343895955e-01 8.501792297924477548e-01 3.656065762100176864e-01 2.691279028167463672e-01 1.507656542289709523e-01
0.000000000000000000e+00 0.000000000000000000e+00 0.000000000000000000e+00 0.000000000000000000e+00 0.000000000000000000e+00 0.000000000000000000e+00 0.000000000000000000e+00
9.068654379575764590e-01 9.537351395475088811e-01 7.940480106441251129e-01 8.875559588237679209e-01 9.591349899271762736e-01 9.734054567516436940e-01 9.704548143058387977e-01
9.213076524314324223e-01 9.013136855046389728e-01 9.740058736162731101e-01 9.855196259243300672e-01 9.220401129333513079e-01 9.898232520283218872e-01 9.826507779052903180e-01
9.879716783204568475e-01 9.841830921145282574e-01 9.785561758186431813e-01 9.588108859831849795e-01 8.826378352819377326e-01 6.543484257070671939e-01 8.683025995774225070e-01
9.815458420611754553e-01 9.807767918806481466e-01 9.794012887400512790e-01 9.779829340216225075e-01 9.754430173214440059e-01 9.726371785605549825e-01 9.801380621507258528e-01
9.321321218334694958e-01 9.123651579441818260e-01 7.167697111837583179e-01 7.769553097201200575e-01 8.741757109625414301e-01 7.912756825662506932e-01 9.501373239094895728e-01
5.757195245568229591e-01 4.248186695374934763e-01 2.742448667913084392e-01 2.921379731894236387e-01 2.337668171671479223e-01 1.660099304063748782e-01 3.517731102277901201e-01
8.100270084607957832e-01 8.589699061669605618e-01 6.917696091754853560e-01 8.441976549746230685e-01 8.890246562054947566e-01 7.822624626363801070e-01 9.681195616573654572e-01
9.851228134716041307e-01 9.785971451834518664e-01 9.756631736863281557e-01 9.829163617597226343e-01 9.899682685941094684e-01 9.914829708817427534e-01 9.928296170224547579e-01
9.902973905510805697e-01 9.812788165843383537e-01 9.722390227266941576e-01 6.204653006952407512e-01 4.105195366287593961e-01 9.116734127907261120e-01 8.167635581662308075e-01
9.775160923735419782e-01 9.738458669571814497e-01 9.770657012973027467e-01 9.832989870934646381e-01 9.868121542092621601e-01 9.901329710395022632e-01 9.940056154840787306e-01
0.000000000000000000e+00 0.000000000000000000e+00 0.000000000000000000e+00 0.000000000000000000e+00 0.000000000000000000e+00 0.000000000000000000e+00 0.000000000000000000e+00
9.641873364781510247e-01 9.711915166733494642e-01 9.784784895369508240e-01 9.773471844020956700e-01 9.723268571447388764e-01 9.664080470883599228e-01 9.860351366586355137e-01
9.707613623427689964e-01 9.731943549762163137e-01 9.792647665109105448e-01 9.813430648215371033e-01 9.810101192912148438e-01 9.746126612479045770e-01 9.753605325416827565e-01
0.000000000000000000e+00 0.000000000000000000e+00 0.000000000000000000e+00 0.000000000000000000e+00 0.000000000000000000e+00 0.000000000000000000e+00 0.000000000000000000e+00
9.653226937813169650e-01 9.659365034046100140e-01 9.449204881624237995e-01 8.298565259373487102e-01 4.580509419550393702e-01 3.225057253724850082e-01 7.440509507815248336e-01
9.807381636762668720e-01 9.585704970136222913e-01 9.220153919754107141e-01 8.476419158766910211e-01 8.643799024286534793e-01 8.720702955504459064e-01 9.421569444826438655e-01
9.579215360977427762e-01 9.632331857218338067e-01 9.592123718477635341e-01 9.725477568977587417e-01 9.691163697323973425e-01 8.658871042125452222e-01 9.217332648956392260e-01
9.494915993963936041e-01 9.678161504217913658e-01 9.788375078638057447e-01 9.843331949172995365e-01 9.933395176641385271e-01 9.859137130193832421e-01 9.755179784007087518e-01
0.000000000000000000e+00 0.000000000000000000e+00 0.000000000000000000e+00 0.000000000000000000e+00 0.000000000000000000e+00 0.000000000000000000e+00 0.000000000000000000e+00
9.318117964437946377e-01 9.137440212176961563e-01 7.673369831090183224e-01 5.930787356507036812e-01 2.839084906727354918e-01 1.882540065904812210e-01 3.949831251331684112e-01
8.187829589142778808e-01 8.005706818028321958e-01 8.147236946094741361e-01 6.338784978719166352e-01 3.068614245887071879e-01 4.262588467456420172e-01 7.884006143198688532e-01
0.000000000000000000e+00 0.000000000000000000e+00 0.000000000000000000e+00 0.000000000000000000e+00 0.000000000000000000e+00 0.000000000000000000e+00 0.000000000000000000e+00
8.141308066391071963e-01 9.114462132102311154e-01 8.624442944738462957e-01 5.404321305224603078e-01 4.276629095185862095e-01 5.460282690487581192e-01 5.364705886182042915e-01
8.846666420313162860e-01 8.926367329280633367e-01 8.891872333164002606e-01 7.667219063592841666e-01 7.379743828844025355e-01 8.847553955541315185e-01 9.705207484578725063e-01
8.542412752913192131e-01 8.787807960577139754e-01 8.781065653406796567e-01 8.026897343746208779e-01 8.095268321772797204e-01 8.913704571162035517e-01 9.742581340755819275e-01
9.814449188429328341e-01 9.779345215880931308e-01 9.788519368574066792e-01 9.788236602685388421e-01 9.634919733752943527e-01 9.817652198182978962e-01 9.882589948828803816e-01
0.000000000000000000e+00 0.000000000000000000e+00 0.000000000000000000e+00 0.000000000000000000e+00 0.000000000000000000e+00 0.000000000000000000e+00 0.000000000000000000e+00
8.095210388998013151e-01 8.104634630468103840e-01 8.140215030064564816e-01 7.191386057082741479e-01 7.988276945297734244e-01 8.596331857955109568e-01 9.768424400099662286e-01
9.694793119404276904e-01 9.540227560853981048e-01 9.354116690112442845e-01 8.749199416232489313e-01 9.764113500772404475e-01 9.868016430886080714e-01 9.884890501928766948e-01
6.137196191045710680e-01 8.079619070981944873e-01 6.835639441505209080e-01 4.885524026234221440e-01 5.269536924497667529e-01 1.247293762277980333e-01 4.649068649027644495e-01
9.337270329138323000e-01 8.899188271164103492e-01 7.361742645982757294e-01 6.850342737949390859e-01 2.580243333875878453e-01 5.564016042615275159e-01 4.718595138243087961e-01
0.000000000000000000e+00 0.000000000000000000e+00 0.000000000000000000e+00 0.000000000000000000e+00 0.000000000000000000e+00 0.000000000000000000e+00 0.000000000000000000e+00
0.000000000000000000e+00 0.000000000000000000e+00 0.000000000000000000e+00 0.000000000000000000e+00 0.000000000000000000e+00 0.000000000000000000e+00 0.000000000000000000e+00
9.747814771259331046e-01 9.785052840018613196e-01 9.826616964880284799e-01 9.842134647335644138e-01 9.771917081448949771e-01 9.464100794736445277e-01 9.719029539180339405e-01
0.000000000000000000e+00 0.000000000000000000e+00 0.000000000000000000e+00 0.000000000000000000e+00 0.000000000000000000e+00 0.000000000000000000e+00 0.000000000000000000e+00
0.000000000000000000e+00 0.000000000000000000e+00 0.000000000000000000e+00 0.000000000000000000e+00 0.000000000000000000e+00 0.000000000000000000e+00 0.000000000000000000e+00
9.509878373221132275e-01 9.507783429569452993e-01 9.491856912065277374e-01 9.031812643814390862e-01 9.424958601441425499e-01 8.651636624348125748e-01 8.989337029909786336e-01
0.000000000000000000e+00 0.000000000000000000e+00 0.000000000000000000e+00 0.000000000000000000e+00 0.000000000000000000e+00 0.000000000000000000e+00 0.000000000000000000e+00
9.388526307426813267e-01 9.500742534857721244e-01 9.797004515459227791e-01 9.855231750471696861e-01 9.749232775836865761e-01 9.634535309060160424e-01 9.721375347549252588e-01
9.724181228537868149e-01 9.738036225803262669e-01 9.756329642222704157e-01 9.825871545661177819e-01 9.727730958983143994e-01 8.406277967246993388e-01 8.940417268346607660e-01
