0.000000000000000000e+00 0.000000000000000000e+00 0.000000000000000000e+00 0.000000000000000000e+00 0.000000000000000000e+00 0.000000000000000000e+00 0.000000000000000000e+00
5.383111265695339398e+01 6.058111265695339398e+01 6.383111265695339398e+01 5.908111265695339398e+01 5.783111265695339398e+01 4.733111265695339398e+01 6.883111265695339398e+01
8.786206300599866381e+01 8.536206300599866381e+01 7.836206300599866381e+01 7.011206300599866381e+01 6.711206300599866381e+01 7.961206300599866381e+01 7.886206300599866381e+01
6.703717963264222135e+01 7.153717963264222135e+01 7.253717963264222135e+01 7.003717963264222135e+01 6.778717963264222135e+01 6.678717963264222135e+01 6.753717963264222135e+01
4.415038770993302819e+01 4.890038770993302819e+01 5.515038770993302819e+01 4.190038770993302819e+01 4.865038770993302819e+01 8.240038770993302819e+01 1.029003877099330282e+02
6.585014589883701319e+01 7.085014589883701319e+01 7.410014589883701319e+01 7.110014589883701319e+01 7.635014589883701319e+01 7.485014589883701319e+01 3.401001458988370132e+02
7.846698134285327342e+01 8.146698134285327342e+01 7.796698134285327342e+01 7.096698134285327342e+01 8.721698134285327342e+01 9.221698134285327342e+01 8.446698134285327342e+01
7.912523389604598378e+01 8.312523389604598378e+01 8.737523389604598378e+01 9.062523389604598378e+01 7.212523389604598378e+01 6.562523389604598378e+01 6.362523389604598378e+01
4.430928065948882022e+01 5.030928065948882022e+01 5.705928065948882022e+01 4.955928065948882022e+01 3.438092806594888202e+02 3.309280659488820220e+00 8.530928065948882022e+01
4.407127187261312429e+01 5.032127187261312429e+01 6.432127187261312429e+01 7.707127187261312429e+01 6.557127187261312429e+01 1.932127187261312429e+01 2.707127187261312429e+01
0.000000000000000000e+00 0.000000000000000000e+00 0.000000000000000000e+00 0.000000000000000000e+00 0.000000000000000000e+00 0.000000000000000000e+00 0.000000000000000000e+00
0.000000000000000000e+00 0.000000000000000000e+00 0.000000000000000000e+00 0.000000000000000000e+00 0.000000000000000000e+00 0.000000000000000000e+00 0.000000000000000000e+00
0.000000000000000000e+00 0.000000000000000000e+00 0.000000000000000000e+00 0.000000000000000000e+00 0.000000000000000000e+00 0.000000000000000000e+00 0.000000000000000000e+00
0.000000000000000000e+00 0.000000000000000000e+00 0.000000000000000000e+00 0.000000000000000000e+00 0.000000000000000000e+00 0.000000000000000000e+00 0.000000000000000000e+00
6.486946234803991729e+01 6.961946234803991729e+01 7.061946234803991729e+01 6.936946234803991729e+01 6.986946234803991729e+01 9.086946234803991729e+01 7.836946234803991729e+01
7.797969087737175187e+01 7.297969087737175187e+01 7.022969087737175187e+01 7.222969087737175187e+01 7.272969087737175187e+01 7.347969087737175187e+01 7.322969087737175187e+01
6.127851191718087875e+01 6.652851191718087875e+01 6.127851191718087875e+01 6.677851191718087875e+01 7.177851191718087875e+01 5.877851191718087875e+01 5.752851191718087875e+01
9.591211470107515424e+01 1.139121147010751542e+02 1.039121147010751542e+02 8.691211470107515424e+01 1.034121147010751542e+02 9.191211470107515424e+01 7.216211470107515424e+01
7.501199923469556552e+01 9.726199923469556552e+01 1.070119992346955655e+02 1.122619992346955655e+02 1.072619992346955655e+02 6.026199923469556552e+01 6.551199923469556552e+01
6.521904659877188237e+01 7.021904659877188237e+01 7.921904659877188237e+01 9.096904659877188237e+01 1.032190465987718824e+02 7.071904659877188237e+01 6.971904659877188237e+01
7.306578492244403833e+01 7.481578492244403833e+01 9.456578492244403833e+01 1.158157849224440383e+02 1.145657849224440383e+02 8.806578492244403833e+01 6.906578492244403833e+01
6.077874682999066636e+01 7.527874682999066636e+01 2.778746829990666356e+00 3.440287468299906664e+02 3.227874682999066636e+01 5.827874682999066636e+01 5.027874682999066636e+01
6.448429090934337182e+01 6.648429090934337182e+01 7.223429090934337182e+01 8.723429090934337182e+01 9.048429090934337182e+01 7.173429090934337182e+01 5.773429090934337182e+01
0.000000000000000000e+00 0.000000000000000000e+00 0.000000000000000000e+00 0.000000000000000000e+00 0.000000000000000000e+00 0.000000000000000000e+00 0.000000000000000000e+00
7.589791291868465350e+01 7.439791291868465350e+01 7.514791291868465350e+01 7.939791291868465350e+01 8.214791291868465350e+01 8.214791291868465350e+01 7.864791291868465350e+01
0.000000000000000000e+00 0.000000000000000000e+00 0.000000000000000000e+00 0.000000000000000000e+00 0.000000000000000000e+00 0.000000000000000000e+00 0.000000000000000000e+00
6.281359818215307200e+01 6.831359818215307200e+01 6.706359818215307200e+01 5.581359818215307200e+01 7.881359818215307200e+01 8.281359818215307200e+01 7.906359818215307200e+01
6.280406048413343001e+01 6.830406048413343001e+01 6.705406048413343001e+01 5.580406048413343001e+01 7.880406048413343001e+01 8.280406048413343001e+01 7.905406048413343001e+01
8.323527530341007719e+01 8.123527530341007719e+01 6.148527530341007719e+01 5.798527530341007719e+01 7.073527530341007719e+01 8.573527530341007719e+01 7.623527530341007719e+01
7.833417150954204544e+01 7.633417150954204544e+01 6.583417150954204544e+01 5.658417150954204544e+01 6.158417150954204544e+01 6.908417150954204544e+01 6.883417150954204544e+01
5.515315817912261309e+01 6.140315817912261309e+01 7.015315817912261309e+01 7.390315817912261309e+01 7.040315817912261309e+01 6.715315817912261309e+01 7.140315817912261309e+01
8.928562086778526918e+01 9.528562086778526918e+01 8.503562086778526918e+01 6.328562086778526918e+01 5.353562086778526918e+01 5.253562086778526918e+01 6.378562086778526918e+01
8.953466976083672080e+01 9.528466976083672080e+01 8.503466976083672080e+01 6.328466976083672080e+01 5.353466976083672080e+01 5.253466976083672080e+01 6.378466976083672080e+01
6.483626698526148857e+01 6.383626698526148857e+01 6.958626698526148857e+01 9.183626698526148857e+01 5.858626698526148857e+01 2.086266985261488571e+00 2.283626698526148857e+01
0.000000000000000000e+00 0.000000000000000000e+00 0.000000000000000000e+00 0.000000000000000000e+00 0.000000000000000000e+00 0.000000000000000000e+00 0.000000000000000000e+00
0.000000000000000000e+00 0.000000000000000000e+00 0.000000000000000000e+00 0.000000000000000000e+00 0.000000000000000000e+00 0.000000000000000000e+00 0.000000000000000000e+00
8.303120679371795632e+01 7.928120679371795632e+01 7.478120679371795632e+01 7.203120679371795632e+01 8.528120679371795632e+01 9.303120679371795632e+01 8.053120679371795632e+01
8.303379957178549375e+01 7.928379957178549375e+01 7.478379957178549375e+01 7.203379957178549375e+01 8.528379957178549375e+01 9.303379957178549375e+01 8.053379957178549375e+01
0.000000000000000000e+00 0.000000000000000000e+00 0.000000000000000000e+00 0.000000000000000000e+00 0.000000000000000000e+00 0.000000000000000000e+00 0.000000000000000000e+00
0.000000000000000000e+00 0.000000000000000000e+00 0.000000000000000000e+00 0.000000000000000000e+00 0.000000000000000000e+00 0.000000000000000000e+00 0.000000000000000000e+00
6.286130673941147506e+01 6.261130673941147506e+01 6.311130673941147506e+01 6.711130673941147506e+01 8.036130673941147506e+01 6.911130673941147506e+01 5.961130673941147506e+01
0.000000000000000000e+00 0.000000000000000000e+00 0.000000000000000000e+00 0.000000000000000000e+00 0.000000000000000000e+00 0.000000000000000000e+00 0.000000000000000000e+00
0.000000000000000000e+00 0.000000000000000000e+00 0.000000000000000000e+00 0.000000000000000000e+00 0.000000000000000000e+00 0.000000000000000000e+00 0.000000000000000000e+00
0.000000000000000000e+00 0.000000000000000000e+00 0.000000000000000000e+00 0.000000000000000000e+00 0.000000000000000000e+00 0.000000000000000000e+00 0.000000000000000000e+00
0.000000000000000000e+00 0.000000000000000000e+00 0.000000000000000000e+00 0.000000000000000000e+00 0.000000000000000000e+00 0.000000000000000000e+00 0.000000000000000000e+00
0.000000000000000000e+00 0.000000000000000000e+00 0.000000000000000000e+00 0.000000000000000000e+00 0.000000000000000000e+00 0.000000000000000000e+00 0.000000000000000000e+00
7.348904033264510360e+01 7.298904033264510360e+01 7.173904033264510360e+01 5.973904033264510360e+01 4.498904033264510360e+01 5.148904033264510360e+01 6.898904033264510360e+01
6.934061627976976183e+01 7.709061627976976183e+01 9.384061627976976183e+01 7.909061627976976183e+01 6.784061627976976183e+01 4.834061627976976183e+01 5.434061627976976183e+01
6.458388367036559430e+01 6.533388367036559430e+01 6.758388367036559430e+01 6.908388367036559430e+01 8.058388367036559430e+01 7.158388367036559430e+01 1.890838836703655943e+02
6.458991842956413620e+01 6.533991842956413620e+01 6.758991842956413620e+01 6.883991842956413620e+01 8.058991842956413620e+01 7.158991842956413620e+01 1.888399184295641362e+02
6.094621035900038919e+01 5.719621035900038919e+01 6.144621035900038919e+01 1.029462103590003892e+02 1.229462103590003892e+02 9.794621035900038919e+01 6.946210359000389190e+00
0.000000000000000000e+00 0.000000000000000000e+00 0.000000000000000000e+00 0.000000000000000000e+00 0.000000000000000000e+00 0.000000000000000000e+00 0.000000000000000000e+00
8.906337923730171724e+01 8.456337923730171724e+01 8.206337923730171724e+01 8.106337923730171724e+01 8.031337923730171724e+01 6.656337923730171724e+01 6.331337923730171724e+01
0.000000000000000000e+00 0.000000000000000000e+00 0.000000000000000000e+00 0.000000000000000000e+00 0.000000000000000000e+00 0.000000000000000000e+00 0.000000000000000000e+00
0.000000000000000000e+00 0.000000000000000000e+00 0.000000000000000000e+00 0.000000000000000000e+00 0.000000000000000000e+00 0.000000000000000000e+00 0.000000000000000000e+00
0.000000000000000000e+00 0.000000000000000000e+00 0.000000000000000000e+00 0.000000000000000000e+00 0.000000000000000000e+00 0.000000000000000000e+00 0.000000000000000000e+00
6.526133328670630362e+01 6.926133328670630362e+01 7.751133328670630362e+01 8.576133328670630362e+01 8.426133328670630362e+01 6.701133328670630362e+01 7.001133328670630362e+01
8.736752621461596391e+01 8.386752621461596391e+01 1.016175262146159639e+02 9.211752621461596391e+01 7.211752621461596391e+01 4.311752621461596391e+01 6.636752621461596391e+01
7.496893014807415057e+01 8.621893014807415057e+01 9.296893014807415057e+01 8.496893014807415057e+01 7.021893014807415057e+01 7.096893014807415057e+01 7.571893014807415057e+01
7.496456779312512708e+01 8.621456779312512708e+01 9.296456779312512708e+01 8.496456779312512708e+01 7.021456779312512708e+01 7.071456779312512708e+01 7.571456779312512708e+01
8.043093008096388985e+01 1.029309300809638898e+02 1.051809300809638898e+02 8.818093008096388985e+01 5.243093008096388985e+01 2.818093008096388985e+01 3.043093008096388985e+01
7.161097623776566934e+01 7.061097623776566934e+01 7.936097623776566934e+01 1.008609762377656693e+02 9.111097623776566934e+01 7.211097623776566934e+01 6.161097623776566934e+01
7.278369023616497202e+01 7.153369023616497202e+01 7.153369023616497202e+01 7.428369023616497202e+01 6.778369023616497202e+01 6.928369023616497202e+01 7.428369023616497202e+01
0.000000000000000000e+00 0.000000000000000000e+00 0.000000000000000000e+00 0.000000000000000000e+00 0.000000000000000000e+00 0.000000000000000000e+00 0.000000000000000000e+00
7.773036173769060042e+01 7.723036173769060042e+01 7.623036173769060042e+01 7.523036173769060042e+01 7.523036173769060042e+01 7.798036173769060042e+01 8.073036173769060042e+01
0.000000000000000000e+00 0.000000000000000000e+00 0.000000000000000000e+00 0.000000000000000000e+00 0.000000000000000000e+00 0.000000000000000000e+00 0.000000000000000000e+00
5.829223034538239290e+01 6.529223034538239290e+01 7.429223034538239290e+01 7.879223034538239290e+01 6.704223034538239290e+01 6.479223034538239290e+01 7.029223034538239290e+01
0.000000000000000000e+00 0.000000000000000000e+00 0.000000000000000000e+00 0.000000000000000000e+00 0.000000000000000000e+00 0.000000000000000000e+00 0.000000000000000000e+00
7.417575950118595074e+01 7.242575950118595074e+01 7.317575950118595074e+01 7.417575950118595074e+01 7.192575950118595074e+01 7.267575950118595074e+01 7.492575950118595074e+01
7.431512311726277176e+01 7.231512311726277176e+01 7.281512311726277176e+01 7.331512311726277176e+01 7.181512311726277176e+01 7.306512311726277176e+01 7.481512311726277176e+01
0.000000000000000000e+00 0.000000000000000000e+00 0.000000000000000000e+00 0.000000000000000000e+00 0.000000000000000000e+00 0.000000000000000000e+00 0.000000000000000000e+00
8.267753277740644080e+01 8.042753277740644080e+01 7.242753277740644080e+01 9.392753277740644080e+01 9.667753277740644080e+01 7.317753277740644080e+01 7.067753277740644080e+01
6.938785247951068413e+01 6.963785247951068413e+01 7.188785247951068413e+01 7.113785247951068413e+01 7.038785247951068413e+01 7.538785247951068413e+01 7.113785247951068413e+01
7.623211422351550937e+01 7.973211422351550937e+01 9.098211422351550937e+01 1.069821142235155094e+02 1.024821142235155094e+02 8.098211422351550937e+01 5.698211422351550937e+01
7.446224628191663442e+01 7.496224628191663442e+01 7.871224628191663442e+01 8.371224628191663442e+01 7.371224628191663442e+01 6.946224628191663442e+01 6.996224628191663442e+01
5.612516012349017558e+01 7.162516012349017558e+01 8.912516012349017558e+01 1.036251601234901614e+02 1.173751601234901614e+02 9.162516012349017558e+01 1.008751601234901756e+02
7.364909953530997200e+01 7.189909953530997200e+01 7.139909953530997200e+01 7.089909953530997200e+01 6.964909953530997200e+01 7.514909953530997200e+01 7.714909953530997200e+01
7.163376702659968487e+01 7.813376702659968487e+01 9.888376702659968487e+01 1.043837670265996849e+02 9.338376702659968487e+01 7.913376702659968487e+01 4.288376702659968487e+01
8.825631306448030955e+01 8.775631306448030955e+01 8.000631306448030955e+01 6.625631306448030955e+01 5.125631306448030955e+01 5.425631306448030955e+01 4.950631306448030955e+01
5.142162803999809739e+01 2.517162803999809739e+01 1.492162803999809739e+01 6.742162803999809739e+01 7.242162803999809739e+01 6.267162803999809739e+01 6.042162803999809739e+01
7.292154230571759399e+01 7.417154230571759399e+01 7.467154230571759399e+01 7.592154230571759399e+01 6.517154230571759399e+01 7.017154230571759399e+01 7.042154230571759399e+01
7.379975968051212476e+01 7.079975968051212476e+01 6.679975968051212476e+01 6.454975968051212476e+01 6.504975968051212476e+01 6.454975968051212476e+01 6.204975968051212476e+01
6.836655894432988134e+01 6.561655894432988134e+01 6.911655894432988134e+01 7.511655894432988134e+01 7.086655894432988134e+01 6.786655894432988134e+01 6.711655894432988134e+01
0.000000000000000000e+00 0.000000000000000000e+00 0.000000000000000000e+00 0.000000000000000000e+00 0.000000000000000000e+00 0.000000000000000000e+00 0.000000000000000000e+00
0.000000000000000000e+00 0.000000000000000000e+00 0.000000000000000000e+00 0.000000000000000000e+00 0.000000000000000000e+00 0.000000000000000000e+00 0.000000000000000000e+00
7.320903425697275679e+01 7.220903425697275679e+01 7.245903425697275679e+01 7.895903425697275679e+01 8.470903425697275679e+01 8.595903425697275679e+01 8.045903425697275679e+01
6.632286686465030812e+01 6.082286686465030812e+01 6.132286686465030812e+01 6.682286686465030812e+01 5.857286686465030812e+01 5.832286686465030812e+01 7.607286686465030812e+01
5.665028872267532734e+01 6.240028872267532734e+01 7.040028872267532734e+01 7.390028872267532734e+01 7.015028872267532734e+01 6.790028872267532734e+01 6.915028872267532734e+01
6.061300702816475905e+01 8.186300702816475905e+01 9.661300702816475905e+01 8.961300702816475905e+01 7.661300702816475905e+01 8.611300702816475905e+01 8.911300702816475905e+01
6.695990396370996223e+01 6.870990396370996223e+01 7.970990396370996223e+01 6.645990396370996223e+01 5.445990396370996223e+01 4.870990396370996223e+01 4.770990396370996223e+01
9.069148145973969122e+01 8.794148145973969122e+01 9.394148145973969122e+01 1.071914814597396912e+02 8.594148145973969122e+01 8.919148145973969122e+01 8.619148145973969122e+01
8.316961309219766463e+01 7.891961309219766463e+01 7.441961309219766463e+01 7.041961309219766463e+01 6.766961309219766463e+01 7.766961309219766463e+01 8.041961309219766463e+01
5.534941617030915495e+01 5.909941617030915495e+01 6.559941617030915495e+01 6.259941617030915495e+01 7.709941617030915495e+01 1.633494161703091549e+02 1.930994161703091549e+02
0.000000000000000000e+00 0.000000000000000000e+00 0.000000000000000000e+00 0.000000000000000000e+00 0.000000000000000000e+00 0.000000000000000000e+00 0.000000000000000000e+00
8.071567556778131802e+01 8.071567556778131802e+01 7.371567556778131802e+01 6.971567556778131802e+01 6.546567556778131802e+01 6.546567556778131802e+01 6.371567556778131802e+01
6.285746574639554751e+01 6.685746574639554751e+01 6.460746574639554751e+01 6.285746574639554751e+01 6.785746574639554751e+01 9.535746574639554751e+01 8.085746574639554751e+01
7.404302413341747524e+01 6.204302413341747524e+01 4.554302413341747524e+01 5.204302413341747524e+01 6.454302413341747524e+01 7.004302413341747524e+01 7.279302413341747524e+01
7.320545108974022241e+01 7.845545108974022241e+01 8.195545108974022241e+01 8.245545108974022241e+01 7.320545108974022241e+01 7.170545108974022241e+01 7.395545108974022241e+01
8.048140678018404515e+01 7.873140678018404515e+01 7.973140678018404515e+01 7.723140678018404515e+01 5.923140678018404515e+01 6.723140678018404515e+01 7.248140678018404515e+01
6.861551994054161696e+01 7.211551994054161696e+01 7.836551994054161696e+01 8.136551994054161696e+01 6.286551994054161696e+01 6.561551994054161696e+01 7.286551994054161696e+01
0.000000000000000000e+00 0.000000000000000000e+00 0.000000000000000000e+00 0.000000000000000000e+00 0.000000000000000000e+00 0.000000000000000000e+00 0.000000000000000000e+00
6.197548324030151434e+01 6.322548324030151434e+01 6.372548324030151434e+01 6.972548324030151434e+01 5.747548324030151434e+01 2.622548324030151434e+01 4.672548324030151434e+01
0.000000000000000000e+00 0.000000000000000000e+00 0.000000000000000000e+00 0.000000000000000000e+00 0.000000000000000000e+00 0.000000000000000000e+00 0.000000000000000000e+00
7.990097145950943514e+01 8.315097145950943514e+01 8.565097145950943514e+01 8.340097145950943514e+01 6.915097145950943514e+01 6.615097145950943514e+01 7.815097145950943514e+01
7.407037463241783826e+01 1.048203746324178383e+02 8.857037463241783826e+01 9.957037463241783826e+01 9.082037463241783826e+01 8.257037463241783826e+01 2.328203746324178383e+02
6.970342884182662146e+01 6.120342884182662146e+01 4.570342884182662146e+01 5.320342884182662146e+01 8.245342884182662146e+01 8.020342884182662146e+01 6.945342884182662146e+01
8.029267650902454534e+01 7.904267650902454534e+01 7.654267650902454534e+01 7.129267650902454534e+01 7.004267650902454534e+01 7.804267650902454534e+01 8.129267650902454534e+01
7.257952060367978220e+01 7.507952060367978220e+01 7.407952060367978220e+01 7.382952060367978220e+01 7.382952060367978220e+01 7.282952060367978220e+01 7.132952060367978220e+01
7.609907966046625916e+01 7.259907966046625916e+01 6.934907966046625916e+01 6.634907966046625916e+01 6.959907966046625916e+01 8.309907966046625916e+01 7.359907966046625916e+01
0.000000000000000000e+00 0.000000000000000000e+00 0.000000000000000000e+00 0.000000000000000000e+00 0.000000000000000000e+00 0.000000000000000000e+00 0.000000000000000000e+00
0.000000000000000000e+00 0.000000000000000000e+00 0.000000000000000000e+00 0.000000000000000000e+00 0.000000000000000000e+00 0.000000000000000000e+00 0.000000000000000000e+00
0.000000000000000000e+00 0.000000000000000000e+00 0.000000000000000000e+00 0.000000000000000000e+00 0.000000000000000000e+00 0.000000000000000000e+00 0.000000000000000000e+00
0.000000000000000000e+00 0.000000000000000000e+00 0.000000000000000000e+00 0.000000000000000000e+00 0.000000000000000000e+00 0.000000000000000000e+00 0.000000000000000000e+00
0.000000000000000000e+00 0.000000000000000000e+00 0.000000000000000000e+00 0.000000000000000000e+00 0.000000000000000000e+00 0.000000000000000000e+00 0.000000000000000000e+00
0.000000000000000000e+00 0.000000000000000000e+00 0.000000000000000000e+00 0.000000000000000000e+00 0.000000000000000000e+00 0.000000000000000000e+00 0.000000000000000000e+00
9.573650763146520148e+01 9.948650763146520148e+01 1.112365076314652015e+02 1.199865076314652015e+02 1.262365076314652015e+02 1.209865076314652015e+02 2.312365076314652015e+02
0.000000000000000000e+00 0.000000000000000000e+00 0.000000000000000000e+00 0.000000000000000000e+00 0.000000000000000000e+00 0.000000000000000000e+00 0.000000000000000000e+00
7.057442579188648324e+01 6.832442579188648324e+01 4.457442579188648324e+01 7.382442579188648324e+01 7.432442579188648324e+01 7.357442579188648324e+01 6.732442579188648324e+01
6.088650718158720565e+01 5.688650718158720565e+01 8.088650718158720565e+01 7.988650718158720565e+01 5.588650718158720565e+01 7.738650718158720565e+01 8.138650718158720565e+01
6.869903240385445997e+01 7.194903240385445997e+01 7.419903240385445997e+01 7.244903240385445997e+01 5.969903240385445997e+01 4.194903240385445997e+01 6.619903240385445997e+01
7.414080009134949023e+01 7.364080009134949023e+01 7.439080009134949023e+01 7.664080009134949023e+01 7.589080009134949023e+01 7.439080009134949023e+01 7.239080009134949023e+01
6.239624904900864522e+01 4.564624904900864522e+01 6.664624904900864522e+01 4.264624904900864522e+01 4.439624904900864522e+01 4.664624904900864522e+01 5.214624904900864522e+01
8.267139134753068674e+01 3.617139134753068674e+01 8.542139134753068674e+01 5.992139134753068674e+01 9.242139134753068674e+01 2.834213913475306867e+02 2.969213913475306867e+02
6.959837773444161257e+01 4.859837773444161257e+01 7.884837773444161257e+01 4.459837773444161257e+01 4.534837773444161257e+01 4.809837773444161257e+01 5.284837773444161257e+01
6.568037226156701536e+01 6.868037226156701536e+01 7.268037226156701536e+01 7.193037226156701536e+01 6.993037226156701536e+01 6.843037226156701536e+01 6.843037226156701536e+01
5.482535821064954007e+01 5.507535821064954007e+01 6.782535821064954007e+01 9.057535821064954007e+01 9.907535821064954007e+01 6.332535821064954007e+01 7.207535821064954007e+01
5.767827895411460304e+01 6.192827895411460304e+01 6.842827895411460304e+01 7.317827895411460304e+01 7.067827895411460304e+01 6.717827895411460304e+01 7.017827895411460304e+01
0.000000000000000000e+00 0.000000000000000000e+00 0.000000000000000000e+00 0.000000000000000000e+00 0.000000000000000000e+00 0.000000000000000000e+00 0.000000000000000000e+00
5.879863995905299134e+01 6.404863995905299134e+01 7.104863995905299134e+01 7.179863995905299134e+01 6.829863995905299134e+01 6.929863995905299134e+01 7.204863995905299134e+01
5.732559298203722165e+01 6.257559298203722165e+01 6.982559298203722165e+01 7.232559298203722165e+01 6.882559298203722165e+01 6.832559298203722165e+01 7.082559298203722165e+01
0.000000000000000000e+00 0.000000000000000000e+00 0.000000000000000000e+00 0.000000000000000000e+00 0.000000000000000000e+00 0.000000000000000000e+00 0.000000000000000000e+00
7.081516545159161069e+01 7.056516545159161069e+01 6.906516545159161069e+01 6.681516545159161069e+01 9.581516545159161069e+01 1.153151654515916107e+02 8.431516545159161069e+01
7.563091280566459318e+01 7.488091280566459318e+01 7.363091280566459318e+01 7.988091280566459318e+01 8.888091280566459318e+01 8.838091280566459318e+01 7.613091280566459318e+01
8.121671050343144316e+01 8.171671050343144316e+01 8.271671050343144316e+01 7.596671050343144316e+01 7.521671050343144316e+01 7.296671050343144316e+01 6.571671050343144316e+01
7.238255271709812178e+01 7.313255271709812178e+01 7.613255271709812178e+01 7.513255271709812178e+01 7.313255271709812178e+01 7.788255271709812178e+01 7.563255271709812178e+01
0.000000000000000000e+00 0.000000000000000000e+00 0.000000000000000000e+00 0.000000000000000000e+00 0.000000000000000000e+00 0.000000000000000000e+00 0.000000000000000000e+00
4.616814283428422527e+01 5.091814283428422527e+01 3.816814283428422527e+01 2.166814283428422527e+01 3.841814283428422527e+01 4.216814283428422527e+01 1.241814283428422527e+01
1.030189298137453306e+02 9.776892981374533065e+01 7.901892981374533065e+01 7.151892981374533065e+01 2.826892981374533065e+01 5.651892981374533065e+01 7.576892981374533065e+01
0.000000000000000000e+00 0.000000000000000000e+00 0.000000000000000000e+00 0.000000000000000000e+00 0.000000000000000000e+00 0.000000000000000000e+00 0.000000000000000000e+00
9.032780710294738924e+01 7.857780710294738924e+01 4.907780710294738924e+01 3.032780710294738924e+01 1.295778071029473892e+02 1.275778071029473892e+02 3.057780710294738924e+01
7.089125323410422652e+01 7.164125323410422652e+01 7.664125323410422652e+01 8.139125323410422652e+01 8.239125323410422652e+01 7.514125323410422652e+01 7.339125323410422652e+01
7.934662657259946172e+01 7.734662657259946172e+01 7.809662657259946172e+01 7.809662657259946172e+01 7.709662657259946172e+01 7.009662657259946172e+01 7.084662657259946172e+01
7.207239614489185442e+01 7.632239614489185442e+01 7.957239614489185442e+01 7.882239614489185442e+01 6.857239614489185442e+01 7.232239614489185442e+01 7.232239614489185442e+01
0.000000000000000000e+00 0.000000000000000000e+00 0.000000000000000000e+00 0.000000000000000000e+00 0.000000000000000000e+00 0.000000000000000000e+00 0.000000000000000000e+00
4.796670987568620603e+01 6.496670987568620603e+01 8.246670987568620603e+01 8.646670987568620603e+01 7.121670987568620603e+01 6.896670987568620603e+01 7.521670987568620603e+01
4.587844841673211249e+01 4.712844841673211249e+01 5.362844841673211249e+01 7.187844841673211249e+01 8.712844841673211249e+01 7.637844841673211249e+01 7.587844841673211249e+01
8.922416161627171505e+01 6.572416161627171505e+01 6.922416161627171505e+01 8.547416161627171505e+01 6.647416161627171505e+01 4.997416161627171505e+01 1.377241616162717150e+02
8.108626755235866312e+01 8.533626755235866312e+01 8.808626755235866312e+01 8.033626755235866312e+01 1.385862675523586631e+02 7.683626755235866312e+01 3.563362675523586631e+02
0.000000000000000000e+00 0.000000000000000000e+00 0.000000000000000000e+00 0.000000000000000000e+00 0.000000000000000000e+00 0.000000000000000000e+00 0.000000000000000000e+00
0.000000000000000000e+00 0.000000000000000000e+00 0.000000000000000000e+00 0.000000000000000000e+00 0.000000000000000000e+00 0.000000000000000000e+00 0.000000000000000000e+00
7.200825016266406919e+01 7.925825016266406919e+01 7.450825016266406919e+01 7.075825016266406919e+01 7.325825016266406919e+01 7.475825016266406919e+01 6.800825016266406919e+01
0.000000000000000000e+00 0.000000000000000000e+00 0.000000000000000000e+00 0.000000000000000000e+00 0.000000000000000000e+00 0.000000000000000000e+00 0.000000000000000000e+00
0.000000000000000000e+00 0.000000000000000000e+00 0.000000000000000000e+00 0.000000000000000000e+00 0.000000000000000000e+00 0.000000000000000000e+00 0.000000000000000000e+00
8.427198882448038830e+01 8.752198882448038830e+01 8.152198882448038830e+01 5.977198882448038830e+01 6.977198882448038830e+01 7.377198882448038830e+01 7.202198882448038830e+01
0.000000000000000000e+00 0.000000000000000000e+00 0.000000000000000000e+00 0.000000000000000000e+00 0.000000000000000000e+00 0.000000000000000000e+00 0.000000000000000000e+00
9.301532507674090766e+01 8.776532507674090766e+01 7.476532507674090766e+01 6.526532507674090766e+01 6.351532507674090766e+01 7.301532507674090766e+01 7.326532507674090766e+01
7.722400997855413607e+01 8.272400997855413607e+01 9.147400997855413607e+01 8.747400997855413607e+01 7.597400997855413607e+01 7.172400997855413607e+01 7.822400997855413607e+01
