0.000000000000000000e+00 0.000000000000000000e+00 0.000000000000000000e+00 0.000000000000000000e+00 0.000000000000000000e+00 0.000000000000000000e+00 0.000000000000000000e+00
8.674567693077606112e-01 8.578562745119302502e-01 8.023341690934296944e-01 9.428219635920687125e-01 9.485696780265387984e-01 8.919326101532591977e-01 7.735765397917052644e-01
8.967363234614647016e-01 9.373429094259422278e-01 9.267999924063642370e-01 7.673286567597368268e-01 8.083804644626237934e-01 8.257365095877261529e-01 9.003687054349711616e-01
9.039428581941648666e-01 9.130168511327667602e-01 9.397841524412363645e-01 9.762317343631079503e-01 9.825378941512660225e-01 9.339491200882273914e-01 8.975867223521276639e-01
7.752116382744558276e-01 8.039238354039871526e-01 6.353449004068301154e-01 6.100140338447379573e-01 6.391451802212185784e-01 3.507832860035528522e-01 3.572817533296871462e-01
8.995443292973968052e-01 7.915766389056800856e-01 6.902347949577267716e-01 7.447651078931750712e-01 5.384325950235804292e-01 2.845157050485304651e-01 1.797631226111095493e-01
9.374298001432468386e-01 8.961818816336959426e-01 8.903423441828589580e-01 9.404782528441468781e-01 9.803295153285611629e-01 9.762792532489696917e-01 9.857932492591977569e-01
7.179630766650458851e-01 7.814510737051101330e-01 8.109351876517255642e-01 8.018462038021524352e-01 7.610692554580551494e-01 7.670960906210712027e-01 9.242029852067406015e-01
7.384633534374400732e-01 8.956527995475332959e-01 8.205149013198727026e-01 7.486392739057632362e-01 9.391981316474197206e-01 9.480882809989965576e-01 9.510155957869410592e-01
9.044101567060560676e-01 8.288120449895686193e-01 5.926272269031692685e-01 5.986702107323547128e-01 4.988479095012904319e-01 2.915123033790349427e-01 1.528525774866860976e-01
0.000000000000000000e+00 0.000000000000000000e+00 0.000000000000000000e+00 0.000000000000000000e+00 0.000000000000000000e+00 0.000000000000000000e+00 0.000000000000000000e+00
0.000000000000000000e+00 0.000000000000000000e+00 0.000000000000000000e+00 0.000000000000000000e+00 0.000000000000000000e+00 0.000000000000000000e+00 0.000000000000000000e+00
0.000000000000000000e+00 0.000000000000000000e+00 0.000000000000000000e+00 0.000000000000000000e+00 0.000000000000000000e+00 0.000000000000000000e+00 0.000000000000000000e+00
0.000000000000000000e+00 0.000000000000000000e+00 0.000000000000000000e+00 0.000000000000000000e+00 0.000000000000000000e+00 0.000000000000000000e+00 0.000000000000000000e+00
9.233069644642742935e-01 9.246858645351487827e-01 9.247399594961199787e-01 9.331387143825577990e-01 9.613570776131211693e-01 9.567498129525841000e-01 9.122352073380955995e-01
9.306961828396554948e-01 9.469126433780330476e-01 8.699634605902033524e-01 8.308101179604859832e-01 6.869857517995442420e-01 6.293450279626877641e-01 7.711321782210804887e-01
3.921723588934098448e-01 5.583487804854679881e-01 6.496547371028715823e-01 7.650494839660565427e-01 7.066546125568349268e-01 3.094954688003332954e-01 1.932678027327552617e-01
6.150310481193822509e-01 7.838507094601382397e-01 8.111202840554880833e-01 9.028574220833053277e-01 8.777675592681118966e-01 8.765077568011043763e-01 6.783497346026938768e-01
8.788160428456449624e-01 7.916624886688948814e-01 5.874233913975144272e-01 6.947786465083874985e-01 7.121943144620989097e-01 8.115733387926097331e-01 8.290763229298753201e-01
7.122006844279805682e-01 6.858853727977822778e-01 1.278311950165184341e-01 1.826515901722597091e-01 1.591646941710666008e-01 2.491175179355177849e-01 3.684083213545379931e-01
6.733630324931800804e-01 7.063003716580031899e-01 6.124115182850156103e-01 3.732283616185270159e-01 4.172943792411175634e-01 2.780109746808079318e-01 4.064179900084829433e-01
6.483370426662968811e-01 7.718132573725590140e-01 8.464554640220186554e-01 9.377392335927807743e-01 9.860112916832051155e-01 9.925889022596960931e-01 9.941742265659517797e-01
8.730972026939317621e-01 8.112097428483219241e-01 7.033119493651741605e-01 7.736120103504061651e-01 8.103719166113649841e-01 4.329054811975139305e-01 7.977799329630297365e-01
0.000000000000000000e+00 0.000000000000000000e+00 0.000000000000000000e+00 0.000000000000000000e+00 0.000000000000000000e+00 0.000000000000000000e+00 0.000000000000000000e+00
8.577021181697052077e-01 8.941417953701791266e-01 8.994885645426686782e-01 9.663540743252223564e-01 9.931952315550461874e-01 9.848238202188596135e-01 9.859332855124303130e-01
0.000000000000000000e+00 0.000000000000000000e+00 0.000000000000000000e+00 0.000000000000000000e+00 0.000000000000000000e+00 0.000000000000000000e+00 0.000000000000000000e+00
7.038206427847675251e-01 7.065094584916791209e-01 7.112957181806821572e-01 7.650102749953687775e-01 9.155027358820785333e-01 9.640229440799608085e-01 9.429147302077558468e-01
7.042345963676696075e-01 7.066534716450603160e-01 7.106567460212019904e-01 7.645705306805382628e-01 9.155968838968989720e-01 9.642151808988222994e-01 9.430003733762251095e-01
6.876353791827853890e-01 8.936962804347174938e-01 8.133143156394762041e-01 8.072447630406910379e-01 8.760292215012221995e-01 9.139067970553423903e-01 8.872705365358316554e-01
9.492782401544339610e-01 9.200139580218743562e-01 9.435330942889438299e-01 9.072743530949064494e-01 8.621730172647881218e-01 7.925038538738728988e-01 8.539321492193958640e-01
9.368267120407307580e-01 9.438012317099354620e-01 9.216793374596637944e-01 3.892477110469932389e-01 6.623662601801505456e-01 8.066936423117702093e-01 8.302971538424134268e-01
7.326814615301727729e-01 7.945015221459823529e-01 7.896564214428918316e-01 8.183823900095060777e-01 3.982843724756734427e-01 8.345211965242324004e-01 7.473573814563950757e-01
7.327256078413200147e-01 7.939050558272856550e-01 7.897699392861614598e-01 8.184302568365180441e-01 3.939169079381145688e-01 8.344089376765543298e-01 7.473233061710748970e-01
9.290991307340061844e-01 9.343576806511926236e-01 8.319294634289630119e-01 8.633555569403799090e-01 8.813583925051449164e-01 8.016902651357188381e-01 7.778593273980878298e-01
0.000000000000000000e+00 0.000000000000000000e+00 0.000000000000000000e+00 0.000000000000000000e+00 0.000000000000000000e+00 0.000000000000000000e+00 0.000000000000000000e+00
0.000000000000000000e+00 0.000000000000000000e+00 0.000000000000000000e+00 0.000000000000000000e+00 0.000000000000000000e+00 0.000000000000000000e+00 0.000000000000000000e+00
8.871031022865132343e-01 9.195990746089651724e-01 9.165780554438802685e-01 9.123194616537382284e-01 9.701382608040948208e-01 9.877325209426310870e-01 9.840252285317759862e-01
8.867180565822169180e-01 9.203506720502386829e-01 9.169561263091453585e-01 9.128634754230475767e-01 9.702651388652054898e-01 9.877172410149739346e-01 9.839836943369828504e-01
0.000000000000000000e+00 0.000000000000000000e+00 0.000000000000000000e+00 0.000000000000000000e+00 0.000000000000000000e+00 0.000000000000000000e+00 0.000000000000000000e+00
0.000000000000000000e+00 0.000000000000000000e+00 0.000000000000000000e+00 0.000000000000000000e+00 0.000000000000000000e+00 0.000000000000000000e+00 0.000000000000000000e+00
8.792381156544812892e-01 9.375074644803502721e-01 7.803777594326574141e-01 6.147455947767592743e-01 6.919645899147037760e-01 3.942270730757037045e-01 6.003711298411119612e-01
0.000000000000000000e+00 0.000000000000000000e+00 0.000000000000000000e+00 0.000000000000000000e+00 0.000000000000000000e+00 0.000000000000000000e+00 0.000000000000000000e+00
0.000000000000000000e+00 0.000000000000000000e+00 0.000000000000000000e+00 0.000000000000000000e+00 0.000000000000000000e+00 0.000000000000000000e+00 0.000000000000000000e+00
0.000000000000000000e+00 0.000000000000000000e+00 0.000000000000000000e+00 0.000000000000000000e+00 0.000000000000000000e+00 0.000000000000000000e+00 0.000000000000000000e+00
0.000000000000000000e+00 0.000000000000000000e+00 0.000000000000000000e+00 0.000000000000000000e+00 0.000000000000000000e+00 0.000000000000000000e+00 0.000000000000000000e+00
0.000000000000000000e+00 0.000000000000000000e+00 0.000000000000000000e+00 0.000000000000000000e+00 0.000000000000000000e+00 0.000000000000000000e+00 0.000000000000000000e+00
9.004247458551576377e-01 8.961201111658948504e-01 9.329346492939450952e-01 9.485895820103729115e-01 9.448080037908866968e-01 8.989483408141200060e-01 9.009672142705448250e-01
8.975302725992787556e-01 8.296459719280817602e-01 7.613566804820642853e-01 6.718480094105712119e-01 3.503775257710046165e-01 4.449689898289700407e-01 6.364171969655979533e-01
8.800013754784211661e-01 9.200299449193684032e-01 7.661828876902817553e-01 4.967332294748234567e-01 1.853441164100796956e-01 5.510846404292462086e-01 6.587228557001605367e-01
8.802784545590820464e-01 9.197797174461481706e-01 7.647479359788502684e-01 4.964376257968663997e-01 1.845043896708824793e-01 5.496770609047876288e-01 6.587642643182812785e-01
4.825538395108768253e-01 5.086955494759882734e-01 4.310458646763678514e-01 5.217149977318672471e-01 3.118014016081982476e-01 5.939769496498812362e-01 5.107892029663058109e-01
0.000000000000000000e+00 0.000000000000000000e+00 0.000000000000000000e+00 0.000000000000000000e+00 0.000000000000000000e+00 0.000000000000000000e+00 0.000000000000000000e+00
6.266344380771506906e-01 8.095112168456082280e-01 8.284237625624844004e-01 4.597733735647477893e-01 7.286992859700968106e-01 4.708616834355285885e-01 2.793240424452913540e-01
0.000000000000000000e+00 0.000000000000000000e+00 0.000000000000000000e+00 0.000000000000000000e+00 0.000000000000000000e+00 0.000000000000000000e+00 0.000000000000000000e+00
0.000000000000000000e+00 0.000000000000000000e+00 0.000000000000000000e+00 0.000000000000000000e+00 0.000000000000000000e+00 0.000000000000000000e+00 0.000000000000000000e+00
0.000000000000000000e+00 0.000000000000000000e+00 0.000000000000000000e+00 0.000000000000000000e+00 0.000000000000000000e+00 0.000000000000000000e+00 0.000000000000000000e+00
9.086007697439909547e-01 8.908895299586002681e-01 8.322402630837375526e-01 4.162084247938030446e-01 3.963232050060790934e-01 5.142289960380731495e-01 5.975221726908176434e-01
8.057374084457316066e-01 8.531416810854834942e-01 8.271438412532206019e-01 8.949809775932441314e-01 9.205658031990940904e-01 8.734848005096343959e-01 8.073172921005317137e-01
9.221406321498960557e-01 8.847623303763341163e-01 8.700266101725354639e-01 8.912196539621000113e-01 8.705012554611943898e-01 8.205546837779172931e-01 8.174851644184470967e-01
9.228631091125530927e-01 8.819642219300976027e-01 8.700525591939125558e-01 8.898785365817016846e-01 8.716247237259564518e-01 8.208527433411377805e-01 8.182432006640009137e-01
7.131505889149717392e-01 6.391335162497936428e-01 7.570389080656741987e-01 7.568003962378122562e-01 6.507654461099494636e-01 3.143340009451240369e-01 6.450716653343522289e-01
4.792253881805945137e-01 5.221224245218144544e-01 3.251939797213371786e-01 3.263946707335141362e-01 2.284040874761444628e-01 4.659515274866928292e-01 5.283461646217493257e-01
7.898826642405191167e-01 8.860083517784638207e-01 8.592213490679381227e-01 8.842701142852663621e-01 9.019771334452456601e-01 5.403937004227012952e-01 1.403215081044382750e-01
0.000000000000000000e+00 0.000000000000000000e+00 0.000000000000000000e+00 0.000000000000000000e+00 0.000000000000000000e+00 0.000000000000000000e+00 0.000000000000000000e+00
7.369269007246642689e-01 8.274644277303430107e-01 7.278526015289172868e-01 4.158588395764902801e-01 4.649230283663200458e-01 3.304698467262702777e-01 2.698095506927240539e-01
0.000000000000000000e+00 0.000000000000000000e+00 0.000000000000000000e+00 0.000000000000000000e+00 0.000000000000000000e+00 0.000000000000000000e+00 0.000000000000000000e+00
9.443000762833818618e-01 9.066595541820527959e-01 9.529478762332037611e-01 9.822681609059162877e-01 9.450260053764522050e-01 8.589568973826416931e-01 6.764240480791122723e-01
0.000000000000000000e+00 0.000000000000000000e+00 0.000000000000000000e+00 0.000000000000000000e+00 0.000000000000000000e+00 0.000000000000000000e+00 0.000000000000000000e+00
9.084763811954358337e-01 9.187534962369938718e-01 9.383881870102590561e-01 9.417145358087281037e-01 9.329396066737696280e-01 8.881503217569080011e-01 8.593964774417222063e-01
9.347738080888372547e-01 9.496271704603403974e-01 9.455562796502843259e-01 9.365149969032908750e-01 9.225327163152672316e-01 8.783544012843840232e-01 8.845518537603671572e-01
0.000000000000000000e+00 0.000000000000000000e+00 0.000000000000000000e+00 0.000000000000000000e+00 0.000000000000000000e+00 0.000000000000000000e+00 0.000000000000000000e+00
4.423113587492991106e-01 5.180315162820484653e-01 5.838515092114807681e-01 3.996759687153250695e-01 7.633883970071478897e-01 8.628356401979513368e-01 9.039739488109276300e-01
8.964659071769137677e-01 8.956260767748301932e-01 8.862954670374224575e-01 9.054486883314927237e-01 9.346702887999025489e-01 9.353577946416491429e-01 9.610451272948535850e-01
7.963497183375664035e-01 8.049613680725036247e-01 6.520929281002957323e-01 3.773285604140301230e-01 5.014694274571225296e-01 5.331709792054518671e-01 2.710057483102798481e-01
9.570200545919554935e-01 9.464079899745365676e-01 9.749321285944337889e-01 9.875870142900922133e-01 9.597660098336601164e-01 8.956994235637990576e-01 8.960462120714464129e-01
7.419224120252894128e-01 6.706107208426330679e-01 6.973133175168568787e-01 5.006130649431090873e-01 5.015044696987794870e-01 6.110818189590847549e-01 8.879079661060488293e-01
9.356905789088600933e-01 9.482472832798533036e-01 9.715709715540609137e-01 9.491447650358018073e-01 9.217773366628168041e-01 9.156509398814133283e-01 9.102755833725277856e-01
7.433835924207053969e-01 9.029356186781212212e-01 8.415954862550358850e-01 9.571113368947443689e-01 8.226203084762304663e-01 6.916831215497353247e-01 6.986537579258235153e-01
9.387810169734724930e-01 9.560957969095945641e-01 8.746405532489860413e-01 7.291704772672441548e-01 5.116704158417725301e-01 8.269420542076989511e-01 7.327014624300501877e-01
7.867262489728986674e-01 8.041609045175247550e-01 7.739644640870694259e-01 8.177609307479442036e-01 7.664230993902039213e-01 8.261262550696023554e-01 7.335059364332994214e-01
8.973624459748983373e-01 8.541468379939618494e-01 8.090421403330068095e-01 8.255533308010509774e-01 3.792567903195835366e-01 6.808195795244739168e-01 6.757214470620245272e-01
9.543447082004797855e-01 9.238028976980238172e-01 8.341980191996350991e-01 8.518862086882674767e-01 9.266095872533501865e-01 7.819777846884962136e-01 4.383952901573601735e-01
8.436214601358591469e-01 8.465869746532108664e-01 8.311296879501056667e-01 7.913092349794282887e-01 5.399175233212630820e-01 2.655038185707090381e-01 7.712259729145710951e-02
0.000000000000000000e+00 0.000000000000000000e+00 0.000000000000000000e+00 0.000000000000000000e+00 0.000000000000000000e+00 0.000000000000000000e+00 0.000000000000000000e+00
0.000000000000000000e+00 0.000000000000000000e+00 0.000000000000000000e+00 0.000000000000000000e+00 0.000000000000000000e+00 0.000000000000000000e+00 0.000000000000000000e+00
7.503145953599980045e-01 8.423633560067899095e-01 4.771462894683449196e-01 3.676067553852032099e-01 6.066203534946035258e-01 6.325823480404573207e-01 8.995437417231141319e-01
9.181670865396993619e-01 8.882692242634284696e-01 7.468333053453826142e-01 6.623348097290465697e-01 7.627630224243906465e-01 9.139927383207359091e-01 9.792124090618358201e-01
9.209478951495201349e-01 9.495768393077860248e-01 8.962148411028832973e-01 8.266970216028011187e-01 8.760364433260444672e-01 7.275901330090329688e-01 7.822264970738296297e-01
6.671577264034083132e-01 6.854561927285239831e-01 3.821712030732297150e-01 5.385027669845452447e-01 7.879662959938156241e-01 7.640500362844876436e-01 8.106875453869515358e-01
8.089207973969048115e-01 8.519760555730488960e-01 9.092555710951297776e-01 8.687846300889973117e-01 6.049139167825872132e-01 1.989433216566242058e-01 6.955498944542404249e-01
8.774941046092339381e-01 8.783078865143914005e-01 7.991278846137936931e-01 8.560393861871301580e-01 8.655556786774946110e-01 7.622277694172127083e-01 3.115021747787593553e-01
7.994522860533818109e-01 6.403411239968016533e-01 4.063149641240203502e-01 3.605890978740196595e-01 3.688103629966221209e-01 2.978499382335263457e-01 2.239320621321893579e-01
9.553086043494777302e-01 9.454860113470302529e-01 8.848572701995812695e-01 9.835195192512944384e-01 9.808666668544169243e-01 9.669693073281260265e-01 8.169183771905265123e-01
0.000000000000000000e+00 0.000000000000000000e+00 0.000000000000000000e+00 0.000000000000000000e+00 0.000000000000000000e+00 0.000000000000000000e+00 0.000000000000000000e+00
7.924834287529995969e-01 8.522077310405981043e-01 8.716203573998380083e-01 3.615624145581163851e-01 2.160129265746149607e-01 3.608087715541870577e-01 7.580723042095921516e-01
9.201244013650964337e-01 9.550278918011979590e-01 8.136300935692317715e-01 8.341688015325835481e-01 8.818596363608385280e-01 8.396937480767678874e-01 9.149693974925513507e-01
8.695851832008762994e-01 9.021603555354134052e-01 9.530372063888018497e-01 9.748429628504107214e-01 9.632152045072157609e-01 9.277618209669444838e-01 8.118151494328911255e-01
9.519369017806282862e-01 9.520745578566447431e-01 9.641743037765394542e-01 9.697335866410540239e-01 9.204889388266019878e-01 8.861311139844980644e-01 7.926313344364255276e-01
9.630708276098497445e-01 9.389311137887289549e-01 9.576802731351250486e-01 9.795023387548131844e-01 9.350057924747599003e-01 8.746678169550683446e-01 7.723947897784405603e-01
9.569568624305455629e-01 9.093984186233281530e-01 9.583918582173274192e-01 9.759570099949173017e-01 9.346177494649718920e-01 8.181161422482192691e-01 6.527250448845950404e-01
0.000000000000000000e+00 0.000000000000000000e+00 0.000000000000000000e+00 0.000000000000000000e+00 0.000000000000000000e+00 0.000000000000000000e+00 0.000000000000000000e+00
9.127817359693505272e-01 9.231116996296255817e-01 9.588223825890751506e-01 8.865891936869128021e-01 9.408684381978089650e-01 9.487977037202066644e-01 9.486422565151934050e-01
0.000000000000000000e+00 0.000000000000000000e+00 0.000000000000000000e+00 0.000000000000000000e+00 0.000000000000000000e+00 0.000000000000000000e+00 0.000000000000000000e+00
7.149468794144887562e-01 7.879131172223794444e-01 7.931792519748273040e-01 6.046690573754719411e-01 5.638336238439155546e-01 2.119325637498214732e-01 3.835814197960281113e-01
5.162585260855363511e-01 3.402957154826374842e-01 3.928830419937736074e-01 2.607469867915752637e-01 1.607553292485342233e-01 1.229675849880352556e-01 1.776815244813214900e-01
9.146888355563074224e-01 8.561231155590762754e-01 9.188288494991612154e-01 9.446262782915418876e-01 9.374790777474195647e-01 9.083147800864292964e-01 9.664851751580701977e-01
6.356562996289356615e-01 5.273482829260104365e-01 5.309291753888407683e-01 5.177665697389021160e-01 5.658155473131447621e-01 2.881944805288590428e-01 8.336608313890075950e-02
9.740519833600222999e-01 9.393807048112516878e-01 9.209823125088809626e-01 9.765212456877656599e-01 9.766760002398656715e-01 9.511426226960695285e-01 9.446139011100277427e-01
7.992053523563135142e-01 8.768382670856592620e-01 7.925550995746806215e-01 7.548768946437985905e-01 4.750355870912275624e-01 6.084728302302355729e-01 4.536134204599865938e-01
0.000000000000000000e+00 0.000000000000000000e+00 0.000000000000000000e+00 0.000000000000000000e+00 0.000000000000000000e+00 0.000000000000000000e+00 0.000000000000000000e+00
0.000000000000000000e+00 0.000000000000000000e+00 0.000000000000000000e+00 0.000000000000000000e+00 0.000000000000000000e+00 0.000000000000000000e+00 0.000000000000000000e+00
0.000000000000000000e+00 0.000000000000000000e+00 0.000000000000000000e+00 0.000000000000000000e+00 0.000000000000000000e+00 0.000000000000000000e+00 0.000000000000000000e+00
0.000000000000000000e+00 0.000000000000000000e+00 0.000000000000000000e+00 0.000000000000000000e+00 0.000000000000000000e+00 0.000000000000000000e+00 0.000000000000000000e+00
0.000000000000000000e+00 0.000000000000000000e+00 0.000000000000000000e+00 0.000000000000000000e+00 0.000000000000000000e+00 0.000000000000000000e+00 0.000000000000000000e+00
0.000000000000000000e+00 0.000000000000000000e+00 0.000000000000000000e+00 0.000000000000000000e+00 0.000000000000000000e+00 0.000000000000000000e+00 0.000000000000000000e+00
8.284972219115327441e-01 7.756469144068562915e-01 4.355927305904607749e-01 2.455148862301792800e-01 4.225260323973782373e-01 3.690762076686857074e-01 8.603360901926720983e-02
0.000000000000000000e+00 0.000000000000000000e+00 0.000000000000000000e+00 0.000000000000000000e+00 0.000000000000000000e+00 0.000000000000000000e+00 0.000000000000000000e+00
7.196925419338322527e-01 7.756457004605455952e-01 9.000225448245344761e-01 9.371919818469500729e-01 9.312484360338848521e-01 9.117711896678826200e-01 9.647975986082895083e-01
6.995388730042163550e-01 6.726584349836338683e-01 8.466628481367555192e-01 6.999854328004992965e-01 4.834329384097237337e-01 2.978866717381590257e-01 3.917774466767537933e-01
8.770357136095664474e-01 8.638997560027700251e-01 8.539558340886141963e-01 8.560181021441698457e-01 6.839501388595824460e-01 5.148747959288328957e-01 6.395891670889425340e-01
9.184955277461158696e-01 9.656706336620011211e-01 9.786103146194247149e-01 9.697696294263286054e-01 9.305207522752365623e-01 8.666353730711302550e-01 8.899514169320673629e-01
6.685204651107016227e-01 5.907113207637362251e-01 7.032870908692738787e-01 7.665631262425974812e-01 7.280086414979808351e-01 6.892156798366668724e-01 8.029682277825116454e-01
5.703668449364337478e-01 6.025577183817185656e-01 4.906650885531861350e-01 5.825689381255163557e-01 6.396744048506838309e-01 7.280850751260282694e-01 6.503202996027966920e-01
7.850689921638986934e-01 8.166936603467279676e-01 7.993314474345973863e-01 8.419434207716868235e-01 7.539034985324589710e-01 8.542721088039747501e-01 9.431401319989536347e-01
9.593890143793820657e-01 9.494117790439703386e-01 8.273712665180710246e-01 9.063123976597003972e-01 9.264009423096468687e-01 8.205380919559540631e-01 8.495533504844164918e-01
7.114620680572529832e-01 8.358546132898815317e-01 7.669668586736093641e-01 7.771197216247617279e-01 8.054806729732003623e-01 4.648177239516343984e-01 1.684666157678776088e-01
9.366743757066031684e-01 9.491870052577388028e-01 9.289631213443517721e-01 9.546236414767537148e-01 9.769216518240111391e-01 9.505869234884244401e-01 9.624168059985376278e-01
0.000000000000000000e+00 0.000000000000000000e+00 0.000000000000000000e+00 0.000000000000000000e+00 0.000000000000000000e+00 0.000000000000000000e+00 0.000000000000000000e+00
8.757807707608612491e-01 8.126015677822245875e-01 8.397293171371031928e-01 7.979406079364393944e-01 6.638066314639432530e-01 7.685889730313495427e-01 8.700826847681413234e-01
4.563830679179901595e-01 5.169862155444440166e-01 7.898822508880344317e-01 6.453652428704724775e-01 3.928878560356474647e-01 4.401267805267284339e-01 6.809670363564829243e-01
0.000000000000000000e+00 0.000000000000000000e+00 0.000000000000000000e+00 0.000000000000000000e+00 0.000000000000000000e+00 0.000000000000000000e+00 0.000000000000000000e+00
9.640781214978819680e-01 9.546664993654769837e-01 9.514462335836840756e-01 9.264879550176277068e-01 9.218111931797381420e-01 8.664650323826690315e-01 6.813117907580629184e-01
8.719604092497386105e-01 8.276793722200239678e-01 5.898683443991286079e-01 7.473788926778720532e-01 6.758831474257969152e-01 6.340656258795945854e-01 6.571313772242995954e-01
9.302387570465465716e-01 8.825027369769298247e-01 8.990683412372254546e-01 9.078107870519125377e-01 8.803407031610567257e-01 8.103881680135595067e-01 7.339455091954915078e-01
9.656011200080802936e-01 9.623825233467145912e-01 9.242764643053867912e-01 9.073469933624256356e-01 9.071557927694177126e-01 9.225691605719968935e-01 8.771201766322920257e-01
0.000000000000000000e+00 0.000000000000000000e+00 0.000000000000000000e+00 0.000000000000000000e+00 0.000000000000000000e+00 0.000000000000000000e+00 0.000000000000000000e+00
8.257308488213659370e-01 8.330031096452676920e-01 8.011475303825444927e-01 6.770962585402570122e-01 7.206571798356666836e-01 3.737438607218361297e-01 5.060892966114186597e-01
7.895908475685061712e-01 7.355564367530424974e-01 7.473989349685421502e-01 8.173850680143261993e-01 7.673764694294994415e-01 8.693140561554240087e-01 9.630850246630884293e-01
0.000000000000000000e+00 0.000000000000000000e+00 0.000000000000000000e+00 0.000000000000000000e+00 0.000000000000000000e+00 0.000000000000000000e+00 0.000000000000000000e+00
4.526609426746588394e-01 6.679733452894619505e-01 6.450826026367114663e-01 6.887786989854963737e-01 3.812368349461496275e-01 1.978307239801257722e-01 1.448642726031103001e-01
7.031555684780789184e-01 8.209837264689258118e-01 8.455446005389501973e-01 8.084302205200524227e-01 7.544383440197681701e-01 3.538787361534831422e-01 4.959700773105394367e-01
7.156122802814757211e-01 7.528629214935996794e-01 8.134988481359539669e-01 7.946252416106538430e-01 7.436782836620371429e-01 5.913691445417375014e-01 7.923691585791211578e-01
9.743428809456817774e-01 9.453181015890941286e-01 9.142619301593336578e-01 9.635729575014488901e-01 9.783843566795458191e-01 9.608439796222347784e-01 9.266138037818876239e-01
0.000000000000000000e+00 0.000000000000000000e+00 0.000000000000000000e+00 0.000000000000000000e+00 0.000000000000000000e+00 0.000000000000000000e+00 0.000000000000000000e+00
8.897545130380317691e-01 9.535122457512111849e-01 9.206395989410702807e-01 6.668618043921824556e-01 3.694931076367458100e-01 3.603946791280561168e-01 5.592304955978862901e-01
6.699947684390439306e-01 6.338546421275084164e-01 7.800610287169764678e-01 6.773676410622713195e-01 6.763654077495621086e-01 4.148851016441208461e-01 4.408471645741579015e-01
4.396065682841469036e-01 2.350833144817554010e-01 6.652299061992688056e-01 5.695989370077010339e-01 4.314156383216539159e-01 4.162635760056095369e-01 7.059671492439939522e-01
6.233234417479748268e-01 4.236000094006523442e-01 1.310310067331054429e-01 4.721335069817033658e-01 4.291341644713457804e-01 3.312566557495371100e-01 6.126912913387457804e-01
0.000000000000000000e+00 0.000000000000000000e+00 0.000000000000000000e+00 0.000000000000000000e+00 0.000000000000000000e+00 0.000000000000000000e+00 0.000000000000000000e+00
0.000000000000000000e+00 0.000000000000000000e+00 0.000000000000000000e+00 0.000000000000000000e+00 0.000000000000000000e+00 0.000000000000000000e+00 0.000000000000000000e+00
9.433034061209878418e-01 9.324240603356752644e-01 8.929959635548705421e-01 9.205397165815835114e-01 8.977832260631275485e-01 9.514967323332051974e-01 9.570001369339017350e-01
0.000000000000000000e+00 0.000000000000000000e+00 0.000000000000000000e+00 0.000000000000000000e+00 0.000000000000000000e+00 0.000000000000000000e+00 0.000000000000000000e+00
0.000000000000000000e+00 0.000000000000000000e+00 0.000000000000000000e+00 0.000000000000000000e+00 0.000000000000000000e+00 0.000000000000000000e+00 0.000000000000000000e+00
7.301684247028299435e-01 8.866278685734889642e-01 8.947076932312277853e-01 8.631003886907020473e-01 8.954573909020088207e-01 8.704241784169994833e-01 9.630256332388631435e-01
0.000000000000000000e+00 0.000000000000000000e+00 0.000000000000000000e+00 0.000000000000000000e+00 0.000000000000000000e+00 0.000000000000000000e+00 0.000000000000000000e+00
9.740001617207106888e-01 9.609746870740748514e-01 9.725427366837152698e-01 9.831237508211286835e-01 9.683770056565289552e-01 9.164016103429869498e-01 9.135481588139819920e-01
8.840267294087821304e-01 9.258576995602926241e-01 8.996030157880285927e-01 8.897067227433479442e-01 8.590068864645545865e-01 8.095123031163136140e-01 7.133921759799938256e-01
