0.000000000000000000e+00 0.000000000000000000e+00 0.000000000000000000e+00 0.000000000000000000e+00 0.000000000000000000e+00 0.000000000000000000e+00 0.000000000000000000e+00
7.483111265695339398e+01 6.183111265695339398e+01 5.733111265695339398e+01 6.533111265695339398e+01 7.583111265695339398e+01 7.783111265695339398e+01 5.458111265695339398e+01
7.836206300599866381e+01 7.436206300599866381e+01 7.461206300599866381e+01 6.111206300599866381e+01 4.086206300599866381e+01 5.311206300599866381e+01 8.061206300599866381e+01
6.403717963264222135e+01 7.703717963264222135e+01 6.778717963264222135e+01 7.178717963264222135e+01 7.078717963264222135e+01 6.878717963264222135e+01 6.703717963264222135e+01
5.740038770993305661e+01 8.315038770993305661e+01 1.041503877099330566e+02 9.640038770993305661e+01 7.240038770993305661e+01 2.090038770993305661e+01 4.665038770993305661e+01
8.660014589883701319e+01 7.860014589883701319e+01 7.785014589883701319e+01 8.360014589883701319e+01 5.935014589883701319e+01 4.960014589883701319e+01 7.085014589883701319e+01
7.946698134285327342e+01 8.446698134285327342e+01 6.821698134285327342e+01 5.996698134285327342e+01 7.071698134285327342e+01 7.746698134285327342e+01 7.296698134285327342e+01
7.037523389604601221e+01 7.262523389604601221e+01 8.137523389604601221e+01 8.612523389604601221e+01 7.487523389604601221e+01 6.912523389604601221e+01 7.462523389604601221e+01
4.055928065948882022e+01 5.455928065948882022e+01 5.980928065948882022e+01 7.180928065948882022e+01 8.230928065948882022e+01 7.930928065948882022e+01 5.480928065948882022e+01
4.782127187261312429e+01 4.282127187261312429e+01 9.982127187261312429e+01 1.040712718726131243e+02 7.882127187261312429e+01 7.982127187261312429e+01 1.488212718726131243e+02
0.000000000000000000e+00 0.000000000000000000e+00 0.000000000000000000e+00 0.000000000000000000e+00 0.000000000000000000e+00 0.000000000000000000e+00 0.000000000000000000e+00
0.000000000000000000e+00 0.000000000000000000e+00 0.000000000000000000e+00 0.000000000000000000e+00 0.000000000000000000e+00 0.000000000000000000e+00 0.000000000000000000e+00
0.000000000000000000e+00 0.000000000000000000e+00 0.000000000000000000e+00 0.000000000000000000e+00 0.000000000000000000e+00 0.000000000000000000e+00 0.000000000000000000e+00
0.000000000000000000e+00 0.000000000000000000e+00 0.000000000000000000e+00 0.000000000000000000e+00 0.000000000000000000e+00 0.000000000000000000e+00 0.000000000000000000e+00
7.636946234803991729e+01 7.461946234803991729e+01 7.286946234803991729e+01 7.411946234803991729e+01 7.761946234803991729e+01 8.361946234803991729e+01 8.936946234803991729e+01
6.647969087737175187e+01 6.797969087737175187e+01 6.697969087737175187e+01 8.647969087737175187e+01 9.022969087737175187e+01 7.072969087737175187e+01 6.397969087737175187e+01
7.077851191718085033e+01 7.402851191718085033e+01 9.702851191718085033e+01 9.077851191718085033e+01 7.927851191718085033e+01 3.502851191718085033e+01 9.027851191718085033e+01
7.916211470107515424e+01 7.666211470107515424e+01 8.566211470107515424e+01 8.616211470107515424e+01 7.666211470107515424e+01 7.416211470107515424e+01 8.166211470107515424e+01
4.951199923469556552e+01 4.301199923469556552e+01 1.002619992346955655e+02 1.072619992346955655e+02 9.051199923469556552e+01 6.976199923469556552e+01 7.201199923469556552e+01
5.696904659877191079e+01 3.996904659877191079e+01 3.771904659877191079e+01 1.009690465987719108e+02 1.354690465987719108e+02 7.646904659877191079e+01 5.121904659877191079e+01
1.028157849224440383e+02 1.070657849224440383e+02 1.258157849224440383e+02 1.173157849224440383e+02 1.138157849224440383e+02 1.450657849224440383e+02 1.756578492244403833e+01
6.352874682999066636e+01 6.777874682999066636e+01 6.202874682999066636e+01 5.802874682999066636e+01 6.302874682999066636e+01 7.277874682999066636e+01 6.902874682999066636e+01
6.623429090934337182e+01 6.498429090934337182e+01 3.598429090934337182e+01 4.648429090934337182e+01 5.323429090934337182e+01 6.523429090934337182e+01 7.448429090934337182e+01
0.000000000000000000e+00 0.000000000000000000e+00 0.000000000000000000e+00 0.000000000000000000e+00 0.000000000000000000e+00 0.000000000000000000e+00 0.000000000000000000e+00
9.514791291868465350e+01 1.028979129186846535e+02 9.064791291868465350e+01 6.939791291868465350e+01 6.864791291868465350e+01 7.264791291868465350e+01 7.264791291868465350e+01
0.000000000000000000e+00 0.000000000000000000e+00 0.000000000000000000e+00 0.000000000000000000e+00 0.000000000000000000e+00 0.000000000000000000e+00 0.000000000000000000e+00
4.031359818215310042e+01 5.856359818215310042e+01 6.431359818215310042e+01 6.056359818215310042e+01 5.331359818215310042e+01 5.731359818215310042e+01 6.606359818215310042e+01
4.030406048413340159e+01 5.855406048413340159e+01 6.430406048413340159e+01 6.055406048413340159e+01 5.330406048413340159e+01 5.730406048413340159e+01 6.605406048413340159e+01
1.448527530341004876e+01 3.173527530341004876e+01 5.648527530341004876e+01 5.623527530341004876e+01 6.223527530341004876e+01 6.023527530341004876e+01 7.523527530341004876e+01
7.808417150954204544e+01 8.158417150954204544e+01 8.633417150954204544e+01 8.158417150954204544e+01 6.533417150954204544e+01 5.558417150954204544e+01 6.758417150954204544e+01
6.415315817912261309e+01 7.865315817912261309e+01 7.390315817912261309e+01 5.915315817912261309e+01 6.965315817912261309e+01 7.065315817912261309e+01 7.190315817912261309e+01
5.528562086778526918e+01 8.378562086778526918e+01 9.078562086778526918e+01 1.095356208677852692e+02 6.028562086778526918e+01 8.203562086778526918e+01 7.153562086778526918e+01
5.528466976083672080e+01 8.378466976083672080e+01 9.078466976083672080e+01 1.095346697608367208e+02 6.003466976083672080e+01 8.203466976083672080e+01 7.153466976083672080e+01
7.808626698526148857e+01 7.683626698526148857e+01 7.508626698526148857e+01 8.183626698526148857e+01 7.158626698526148857e+01 5.108626698526148857e+01 6.758626698526148857e+01
0.000000000000000000e+00 0.000000000000000000e+00 0.000000000000000000e+00 0.000000000000000000e+00 0.000000000000000000e+00 0.000000000000000000e+00 0.000000000000000000e+00
0.000000000000000000e+00 0.000000000000000000e+00 0.000000000000000000e+00 0.000000000000000000e+00 0.000000000000000000e+00 0.000000000000000000e+00 0.000000000000000000e+00
9.153120679371795632e+01 9.053120679371795632e+01 7.803120679371795632e+01 7.678120679371795632e+01 8.853120679371795632e+01 8.178120679371795632e+01 7.178120679371795632e+01
9.153379957178549375e+01 9.053379957178549375e+01 7.803379957178549375e+01 7.703379957178549375e+01 8.828379957178549375e+01 8.178379957178549375e+01 7.203379957178549375e+01
0.000000000000000000e+00 0.000000000000000000e+00 0.000000000000000000e+00 0.000000000000000000e+00 0.000000000000000000e+00 0.000000000000000000e+00 0.000000000000000000e+00
0.000000000000000000e+00 0.000000000000000000e+00 0.000000000000000000e+00 0.000000000000000000e+00 0.000000000000000000e+00 0.000000000000000000e+00 0.000000000000000000e+00
4.636130673941147506e+01 4.911130673941147506e+01 5.661130673941147506e+01 4.286130673941147506e+01 4.386130673941147506e+01 7.236130673941147506e+01 7.061130673941147506e+01
0.000000000000000000e+00 0.000000000000000000e+00 0.000000000000000000e+00 0.000000000000000000e+00 0.000000000000000000e+00 0.000000000000000000e+00 0.000000000000000000e+00
0.000000000000000000e+00 0.000000000000000000e+00 0.000000000000000000e+00 0.000000000000000000e+00 0.000000000000000000e+00 0.000000000000000000e+00 0.000000000000000000e+00
0.000000000000000000e+00 0.000000000000000000e+00 0.000000000000000000e+00 0.000000000000000000e+00 0.000000000000000000e+00 0.000000000000000000e+00 0.000000000000000000e+00
0.000000000000000000e+00 0.000000000000000000e+00 0.000000000000000000e+00 0.000000000000000000e+00 0.000000000000000000e+00 0.000000000000000000e+00 0.000000000000000000e+00
0.000000000000000000e+00 0.000000000000000000e+00 0.000000000000000000e+00 0.000000000000000000e+00 0.000000000000000000e+00 0.000000000000000000e+00 0.000000000000000000e+00
7.873904033264511781e+01 7.598904033264511781e+01 7.548904033264511781e+01 7.173904033264511781e+01 7.098904033264511781e+01 7.273904033264511781e+01 6.223904033264511781e+01
4.009061627976973341e+01 6.059061627976973341e+01 5.659061627976973341e+01 6.209061627976973341e+01 6.709061627976973341e+01 9.784061627976973341e+01 7.834061627976973341e+01
5.683388367036559430e+01 5.158388367036559430e+01 4.858388367036559430e+01 3.258388367036559430e+01 7.033388367036559430e+01 1.908338836703655943e+02 1.363338836703655943e+02
5.683991842956413620e+01 5.158991842956413620e+01 4.858991842956413620e+01 3.283991842956413620e+01 7.008991842956413620e+01 1.903399184295641362e+02 1.365899184295641362e+02
3.169621035900036077e+01 2.196210359000360768e+00 1.946210359000360768e+00 2.669621035900036077e+01 4.194621035900036077e+01 8.044621035900036077e+01 3.339462103590003608e+02
0.000000000000000000e+00 0.000000000000000000e+00 0.000000000000000000e+00 0.000000000000000000e+00 0.000000000000000000e+00 0.000000000000000000e+00 0.000000000000000000e+00
5.431337923730171724e+01 3.306337923730171724e+01 5.331337923730171724e+01 6.031337923730171724e+01 1.481337923730171724e+01 3.538133792373017172e+02 9.006337923730171724e+01
0.000000000000000000e+00 0.000000000000000000e+00 0.000000000000000000e+00 0.000000000000000000e+00 0.000000000000000000e+00 0.000000000000000000e+00 0.000000000000000000e+00
0.000000000000000000e+00 0.000000000000000000e+00 0.000000000000000000e+00 0.000000000000000000e+00 0.000000000000000000e+00 0.000000000000000000e+00 0.000000000000000000e+00
0.000000000000000000e+00 0.000000000000000000e+00 0.000000000000000000e+00 0.000000000000000000e+00 0.000000000000000000e+00 0.000000000000000000e+00 0.000000000000000000e+00
5.676133328670630362e+01 5.676133328670630362e+01 7.776133328670630362e+01 6.676133328670630362e+01 1.015113332867063036e+02 9.401133328670630362e+01 7.951133328670630362e+01
6.411752621461596391e+01 7.936752621461596391e+01 9.436752621461596391e+01 8.936752621461596391e+01 9.086752621461596391e+01 8.661752621461596391e+01 1.028675262146159639e+02
1.032189301480741506e+02 8.146893014807415057e+01 6.346893014807415057e+01 7.396893014807415057e+01 7.121893014807415057e+01 7.496893014807415057e+01 9.271893014807415057e+01
1.029645677931251271e+02 8.146456779312512708e+01 6.346456779312512708e+01 7.396456779312512708e+01 7.096456779312512708e+01 7.496456779312512708e+01 9.296456779312512708e+01
5.930930080963889850e+00 2.218093008096388985e+01 4.368093008096388985e+01 4.318093008096388985e+01 4.668093008096388985e+01 9.543093008096388985e+01 8.668093008096388985e+01
9.711097623776566934e+01 7.986097623776566934e+01 5.036097623776566934e+01 1.543609762377656693e+02 1.143609762377656693e+02 3.811097623776566934e+01 3.336097623776566934e+01
8.053369023616494360e+01 9.728369023616494360e+01 9.728369023616494360e+01 8.778369023616494360e+01 7.703369023616494360e+01 7.028369023616494360e+01 5.228369023616494360e+01
0.000000000000000000e+00 0.000000000000000000e+00 0.000000000000000000e+00 0.000000000000000000e+00 0.000000000000000000e+00 0.000000000000000000e+00 0.000000000000000000e+00
8.173036173769060042e+01 6.573036173769060042e+01 6.048036173769060042e+01 4.998036173769060042e+01 5.673036173769060042e+01 2.849803617376906004e+02 5.698036173769060042e+01
0.000000000000000000e+00 0.000000000000000000e+00 0.000000000000000000e+00 0.000000000000000000e+00 0.000000000000000000e+00 0.000000000000000000e+00 0.000000000000000000e+00
7.079223034538239290e+01 7.329223034538239290e+01 6.829223034538239290e+01 6.904223034538239290e+01 6.804223034538239290e+01 6.829223034538239290e+01 6.129223034538239290e+01
0.000000000000000000e+00 0.000000000000000000e+00 0.000000000000000000e+00 0.000000000000000000e+00 0.000000000000000000e+00 0.000000000000000000e+00 0.000000000000000000e+00
8.267575950118595074e+01 8.067575950118595074e+01 8.592575950118595074e+01 8.592575950118595074e+01 7.492575950118595074e+01 7.617575950118595074e+01 7.392575950118595074e+01
7.231512311726277176e+01 7.106512311726277176e+01 7.406512311726277176e+01 8.181512311726277176e+01 7.456512311726277176e+01 7.481512311726277176e+01 7.081512311726277176e+01
0.000000000000000000e+00 0.000000000000000000e+00 0.000000000000000000e+00 0.000000000000000000e+00 0.000000000000000000e+00 0.000000000000000000e+00 0.000000000000000000e+00
1.046775327774064408e+02 1.129275327774064408e+02 1.079275327774064408e+02 5.992753277740644080e+01 4.317753277740644080e+01 5.017753277740644080e+01 5.317753277740644080e+01
5.413785247951068413e+01 5.113785247951068413e+01 6.113785247951068413e+01 7.863785247951068413e+01 6.863785247951068413e+01 6.888785247951068413e+01 6.938785247951068413e+01
1.029821142235155094e+02 8.498211422351550937e+01 7.673211422351550937e+01 1.074821142235155094e+02 7.148211422351550937e+01 8.482114223515509366e+00 2.698211422351550937e+01
7.546224628191663442e+01 7.521224628191663442e+01 7.271224628191663442e+01 6.746224628191663442e+01 6.321224628191663442e+01 5.271224628191663442e+01 5.896224628191663442e+01
8.362516012349016137e+01 8.112516012349016137e+01 7.287516012349016137e+01 4.887516012349016137e+01 8.187516012349016137e+01 7.212516012349016137e+01 5.087516012349016137e+01
7.289909953530997200e+01 6.914909953530997200e+01 7.239909953530997200e+01 8.614909953530997200e+01 7.714909953530997200e+01 6.864909953530997200e+01 6.689909953530997200e+01
5.288376702659968487e+01 6.413376702659968487e+01 6.188376702659968487e+01 1.713376702659968487e+01 2.338376702659968487e+01 3.563837670265996849e+02 2.038376702659968487e+01
8.725631306448030955e+01 9.375631306448030955e+01 1.120063130644803095e+02 1.037563130644803095e+02 8.675631306448030955e+01 8.200631306448030955e+01 6.200631306448030955e+01
6.892162803999804055e+01 5.892162803999804055e+01 6.067162803999804055e+01 7.567162803999804055e+01 9.742162803999804055e+01 8.317162803999804055e+01 6.542162803999804055e+01
5.567154230571759399e+01 6.742154230571759399e+01 9.142154230571759399e+01 8.567154230571759399e+01 2.167154230571759399e+01 2.892154230571759399e+01 8.417154230571759399e+01
6.629975968051212476e+01 7.254975968051212476e+01 7.804975968051212476e+01 7.504975968051212476e+01 7.504975968051212476e+01 5.279975968051212476e+01 3.422997596805121248e+02
8.036655894432988134e+01 7.911655894432988134e+01 7.111655894432988134e+01 7.861655894432988134e+01 6.361655894432988134e+01 2.961165589443298813e+02 2.926165589443298813e+02
0.000000000000000000e+00 0.000000000000000000e+00 0.000000000000000000e+00 0.000000000000000000e+00 0.000000000000000000e+00 0.000000000000000000e+00 0.000000000000000000e+00
0.000000000000000000e+00 0.000000000000000000e+00 0.000000000000000000e+00 0.000000000000000000e+00 0.000000000000000000e+00 0.000000000000000000e+00 0.000000000000000000e+00
4.620903425697275679e+01 5.920903425697275679e+01 8.970903425697275679e+01 4.320903425697275679e+01 4.795903425697275679e+01 5.770903425697275679e+01 7.595903425697275679e+01
6.332286686465033654e+01 6.107286686465033654e+01 7.207286686465033654e+01 7.782286686465033654e+01 7.707286686465033654e+01 8.882286686465033654e+01 7.132286686465033654e+01
7.315028872267532734e+01 7.215028872267532734e+01 5.840028872267532734e+01 4.715028872267532734e+01 4.290028872267532734e+01 6.115028872267532734e+01 9.090028872267532734e+01
6.436300702816475905e+01 4.836300702816475905e+01 3.936300702816475905e+01 6.786300702816475905e+01 7.036300702816475905e+01 6.911300702816475905e+01 5.136300702816475905e+01
8.470990396370996223e+01 7.895990396370996223e+01 8.170990396370996223e+01 8.020990396370996223e+01 7.895990396370996223e+01 3.970990396370996223e+01 5.520990396370996223e+01
8.744148145973969122e+01 8.969148145973969122e+01 9.469148145973969122e+01 7.869148145973969122e+01 7.044148145973969122e+01 6.644148145973969122e+01 1.556914814597396912e+02
8.766961309219766463e+01 7.991961309219766463e+01 7.116961309219766463e+01 1.279196130921976646e+02 2.359196130921976646e+02 2.386696130921976646e+02 9.666961309219766463e+01
2.018494161703091549e+02 1.985994161703091549e+02 1.935994161703091549e+02 1.870994161703091549e+02 1.843494161703091549e+02 1.950994161703091549e+02 1.998494161703091549e+02
0.000000000000000000e+00 0.000000000000000000e+00 0.000000000000000000e+00 0.000000000000000000e+00 0.000000000000000000e+00 0.000000000000000000e+00 0.000000000000000000e+00
6.096567556778131802e+01 6.796567556778131802e+01 8.146567556778131802e+01 1.237156755677813180e+02 1.199656755677813180e+02 1.017156755677813180e+02 5.796567556778131802e+01
7.360746574639551909e+01 7.085746574639551909e+01 8.010746574639551909e+01 8.285746574639551909e+01 6.110746574639551909e+01 6.710746574639551909e+01 6.710746574639551909e+01
6.454302413341747524e+01 7.379302413341747524e+01 7.554302413341747524e+01 6.954302413341747524e+01 6.254302413341747524e+01 7.454302413341747524e+01 7.879302413341747524e+01
6.895545108974022241e+01 7.595545108974022241e+01 7.595545108974022241e+01 6.645545108974022241e+01 6.220545108974022241e+01 6.245545108974022241e+01 4.620545108974022241e+01
7.298140678018404515e+01 7.473140678018404515e+01 7.298140678018404515e+01 6.798140678018404515e+01 6.498140678018404515e+01 6.598140678018404515e+01 5.898140678018404515e+01
7.586551994054161696e+01 7.361551994054161696e+01 6.686551994054161696e+01 6.586551994054161696e+01 6.511551994054161696e+01 6.811551994054161696e+01 4.661551994054161696e+01
0.000000000000000000e+00 0.000000000000000000e+00 0.000000000000000000e+00 0.000000000000000000e+00 0.000000000000000000e+00 0.000000000000000000e+00 0.000000000000000000e+00
8.122548324030151434e+01 8.297548324030151434e+01 7.972548324030151434e+01 4.597548324030151434e+01 6.097548324030151434e+01 7.247548324030151434e+01 7.572548324030151434e+01
0.000000000000000000e+00 0.000000000000000000e+00 0.000000000000000000e+00 0.000000000000000000e+00 0.000000000000000000e+00 0.000000000000000000e+00 0.000000000000000000e+00
7.765097145950943514e+01 7.815097145950943514e+01 8.065097145950943514e+01 8.690097145950943514e+01 7.265097145950943514e+01 1.865097145950943514e+01 7.165097145950943514e+01
1.295703746324178383e+02 1.238203746324178383e+02 1.913203746324178383e+02 2.305703746324178383e+02 2.528203746324178383e+02 5.282037463241783826e+01 1.185703746324178383e+02
8.020342884182662146e+01 7.270342884182662146e+01 6.920342884182662146e+01 6.345342884182662146e+01 6.220342884182662146e+01 6.520342884182662146e+01 6.245342884182662146e+01
7.579267650902454534e+01 6.929267650902454534e+01 7.604267650902454534e+01 1.060426765090245453e+02 9.379267650902454534e+01 2.792676509024545339e+00 7.304267650902454534e+01
7.382952060367978220e+01 7.357952060367978220e+01 6.707952060367978220e+01 6.832952060367978220e+01 6.957952060367978220e+01 5.982952060367978220e+01 6.407952060367978220e+01
8.884907966046625916e+01 8.234907966046625916e+01 7.959907966046625916e+01 6.834907966046625916e+01 6.284907966046625916e+01 7.084907966046625916e+01 7.184907966046625916e+01
0.000000000000000000e+00 0.000000000000000000e+00 0.000000000000000000e+00 0.000000000000000000e+00 0.000000000000000000e+00 0.000000000000000000e+00 0.000000000000000000e+00
0.000000000000000000e+00 0.000000000000000000e+00 0.000000000000000000e+00 0.000000000000000000e+00 0.000000000000000000e+00 0.000000000000000000e+00 0.000000000000000000e+00
0.000000000000000000e+00 0.000000000000000000e+00 0.000000000000000000e+00 0.000000000000000000e+00 0.000000000000000000e+00 0.000000000000000000e+00 0.000000000000000000e+00
0.000000000000000000e+00 0.000000000000000000e+00 0.000000000000000000e+00 0.000000000000000000e+00 0.000000000000000000e+00 0.000000000000000000e+00 0.000000000000000000e+00
0.000000000000000000e+00 0.000000000000000000e+00 0.000000000000000000e+00 0.000000000000000000e+00 0.000000000000000000e+00 0.000000000000000000e+00 0.000000000000000000e+00
0.000000000000000000e+00 0.000000000000000000e+00 0.000000000000000000e+00 0.000000000000000000e+00 0.000000000000000000e+00 0.000000000000000000e+00 0.000000000000000000e+00
1.307365076314652015e+02 1.314865076314652015e+02 1.592365076314652015e+02 2.539865076314652015e+02 2.862365076314652015e+02 3.207365076314652015e+02 2.973650763146520148e+01
0.000000000000000000e+00 0.000000000000000000e+00 0.000000000000000000e+00 0.000000000000000000e+00 0.000000000000000000e+00 0.000000000000000000e+00 0.000000000000000000e+00
6.057442579188648324e+01 5.832442579188648324e+01 6.382442579188648324e+01 6.482442579188648324e+01 6.382442579188648324e+01 5.982442579188648324e+01 6.282442579188648324e+01
4.513650718158720565e+01 7.413650718158720565e+01 7.338650718158720565e+01 8.413650718158720565e+01 6.163650718158720565e+01 9.388650718158720565e+01 1.001365071815872057e+02
1.106990324038544600e+02 1.051990324038544600e+02 9.644903240385445997e+01 1.154490324038544600e+02 1.299490324038544600e+02 1.014490324038544600e+02 7.219903240385445997e+01
6.189080009134949023e+01 7.814080009134949023e+01 7.614080009134949023e+01 6.889080009134949023e+01 7.064080009134949023e+01 7.289080009134949023e+01 6.389080009134949023e+01
9.089624904900864522e+01 6.989624904900864522e+01 6.639624904900864522e+01 5.589624904900864522e+01 5.464624904900864522e+01 8.239624904900864522e+01 7.714624904900864522e+01
1.151713913475306867e+02 1.211713913475306867e+02 9.067139134753068674e+01 7.967139134753068674e+01 4.242139134753068674e+01 9.213913475306867440e-01 2.171391347530686744e+00
1.050983777344416126e+02 8.809837773444161257e+01 7.084837773444161257e+01 5.834837773444161257e+01 5.759837773444161257e+01 6.584837773444161257e+01 7.509837773444161257e+01
6.993037226156701536e+01 7.568037226156701536e+01 7.368037226156701536e+01 8.043037226156701536e+01 7.143037226156701536e+01 6.393037226156701536e+01 7.093037226156701536e+01
6.132535821064956849e+01 6.857535821064956849e+01 7.157535821064956849e+01 6.807535821064956849e+01 5.957535821064956849e+01 6.032535821064956849e+01 7.332535821064956849e+01
7.367827895411460304e+01 6.617827895411460304e+01 5.142827895411460304e+01 6.442827895411460304e+01 6.392827895411460304e+01 6.967827895411460304e+01 7.667827895411460304e+01
0.000000000000000000e+00 0.000000000000000000e+00 0.000000000000000000e+00 0.000000000000000000e+00 0.000000000000000000e+00 0.000000000000000000e+00 0.000000000000000000e+00
6.504863995905299134e+01 1.000486399590529913e+02 8.479863995905299134e+01 6.504863995905299134e+01 5.229863995905299134e+01 6.429863995905299134e+01 6.854863995905299134e+01
6.432559298203722165e+01 1.065755929820372216e+02 1.008255929820372216e+02 8.957559298203722165e+01 7.807559298203722165e+01 7.082559298203722165e+01 6.107559298203722165e+01
0.000000000000000000e+00 0.000000000000000000e+00 0.000000000000000000e+00 0.000000000000000000e+00 0.000000000000000000e+00 0.000000000000000000e+00 0.000000000000000000e+00
7.656516545159161069e+01 8.456516545159161069e+01 8.856516545159161069e+01 7.831516545159161069e+01 7.631516545159161069e+01 7.281516545159161069e+01 5.256516545159161069e+01
4.888091280566459318e+01 5.463091280566459318e+01 5.663091280566459318e+01 4.563091280566459318e+01 5.438091280566459318e+01 5.588091280566459318e+01 6.713091280566459318e+01
9.221671050343144316e+01 7.596671050343144316e+01 6.171671050343144316e+01 7.721671050343144316e+01 6.821671050343144316e+01 4.471671050343144316e+01 5.971671050343144316e+01
9.538255271709812178e+01 8.563255271709812178e+01 8.588255271709812178e+01 9.613255271709812178e+01 7.963255271709812178e+01 6.138255271709812178e+01 7.288255271709812178e+01
0.000000000000000000e+00 0.000000000000000000e+00 0.000000000000000000e+00 0.000000000000000000e+00 0.000000000000000000e+00 0.000000000000000000e+00 0.000000000000000000e+00
7.441814283428425369e+01 4.866814283428425369e+01 4.616814283428425369e+01 6.841814283428425369e+01 8.966814283428425369e+01 9.916814283428425369e+01 1.521681428342842537e+02
9.826892981374533065e+01 9.451892981374533065e+01 8.601892981374533065e+01 6.876892981374533065e+01 6.576892981374533065e+01 7.726892981374533065e+01 7.126892981374533065e+01
0.000000000000000000e+00 0.000000000000000000e+00 0.000000000000000000e+00 0.000000000000000000e+00 0.000000000000000000e+00 0.000000000000000000e+00 0.000000000000000000e+00
4.382780710294741766e+01 8.182780710294741766e+01 8.232780710294741766e+01 4.707780710294741766e+01 2.057780710294741766e+01 3.382780710294741766e+01 5.778071029474176612e-01
6.414125323410422652e+01 7.989125323410422652e+01 9.839125323410422652e+01 7.539125323410422652e+01 7.139125323410422652e+01 7.364125323410422652e+01 6.239125323410422652e+01
7.159662657259946172e+01 8.409662657259946172e+01 1.018466265725994617e+02 9.309662657259946172e+01 8.984662657259946172e+01 7.434662657259946172e+01 6.659662657259946172e+01
7.032239614489185442e+01 7.932239614489185442e+01 6.332239614489185442e+01 7.007239614489185442e+01 6.907239614489185442e+01 6.732239614489185442e+01 6.882239614489185442e+01
0.000000000000000000e+00 0.000000000000000000e+00 0.000000000000000000e+00 0.000000000000000000e+00 0.000000000000000000e+00 0.000000000000000000e+00 0.000000000000000000e+00
7.571670987568620603e+01 7.571670987568620603e+01 8.196670987568620603e+01 1.057167098756862060e+02 1.284667098756862060e+02 1.096670987568620603e+01 6.846670987568620603e+01
3.362844841673211249e+01 4.612844841673211249e+01 4.212844841673211249e+01 3.262844841673211249e+01 1.362844841673211249e+01 3.566284484167321125e+02 3.162844841673211249e+01
1.362241616162717150e+02 1.212241616162717150e+02 1.147241616162717150e+02 1.594741616162717150e+02 1.562241616162717150e+02 1.759741616162717150e+02 1.422241616162717150e+02
3.080862675523586631e+02 3.133362675523586631e+02 2.708626755235866312e+01 5.883626755235866312e+01 5.233626755235866312e+01 6.233626755235866312e+01 5.633626755235866312e+01
0.000000000000000000e+00 0.000000000000000000e+00 0.000000000000000000e+00 0.000000000000000000e+00 0.000000000000000000e+00 0.000000000000000000e+00 0.000000000000000000e+00
0.000000000000000000e+00 0.000000000000000000e+00 0.000000000000000000e+00 0.000000000000000000e+00 0.000000000000000000e+00 0.000000000000000000e+00 0.000000000000000000e+00
6.875825016266406919e+01 7.600825016266406919e+01 7.375825016266406919e+01 9.325825016266406919e+01 6.425825016266406919e+01 6.050825016266406919e+01 6.150825016266406919e+01
0.000000000000000000e+00 0.000000000000000000e+00 0.000000000000000000e+00 0.000000000000000000e+00 0.000000000000000000e+00 0.000000000000000000e+00 0.000000000000000000e+00
0.000000000000000000e+00 0.000000000000000000e+00 0.000000000000000000e+00 0.000000000000000000e+00 0.000000000000000000e+00 0.000000000000000000e+00 0.000000000000000000e+00
9.427198882448038830e+01 8.827198882448038830e+01 7.202198882448038830e+01 3.952198882448038830e+01 5.827198882448038830e+01 7.127198882448038830e+01 6.727198882448038830e+01
0.000000000000000000e+00 0.000000000000000000e+00 0.000000000000000000e+00 0.000000000000000000e+00 0.000000000000000000e+00 0.000000000000000000e+00 0.000000000000000000e+00
7.576532507674090766e+01 6.976532507674090766e+01 6.501532507674090766e+01 7.376532507674090766e+01 8.401532507674090766e+01 7.926532507674090766e+01 7.101532507674090766e+01
1.012240099785541361e+02 9.172400997855413607e+01 7.247400997855413607e+01 7.397400997855413607e+01 8.422400997855413607e+01 8.872400997855413607e+01 7.247400997855413607e+01
