9.920615244695116797e-01 9.938962757074378818e-01 9.960593421712741202e-01 9.967601710391085224e-01 9.954770278395789207e-01 9.891410890582460480e-01 8.690805117222502041e-01
9.948695054017678840e-01 9.922977928713387907e-01 9.872326165576603696e-01 9.865497637282023558e-01 9.580639221724663868e-01 9.897995332986375683e-01 9.703171053752779329e-01
9.824975733138132661e-01 9.657086576771766184e-01 9.800337928816484911e-01 9.743265494260002768e-01 8.333715493026802035e-01 3.290213391690985367e-01 4.965752410829520347e-01
9.253605485579212697e-01 9.387441462082788401e-01 9.540435840010373925e-01 3.894109465759587607e-01 1.140744102783267377e-01 1.180414290770149394e-01 3.711446237459374298e-01
9.872026335746476866e-02 1.478702680705965833e-01 5.522628690246655231e-02 2.750863225218712627e-01 1.350669841616909395e-01 4.468979938466101642e-01 3.580229413686865647e-01
9.446801071473116540e-01 9.424630094927901602e-01 9.439444486458841155e-01 9.552180766528858280e-01 9.568272601202676420e-01 9.028650093054828574e-01 8.264617393999893480e-01
9.975407124510485835e-01 9.976284141173968889e-01 9.973938178546568611e-01 9.942620155676472615e-01 9.772836180346342605e-01 8.808706907002714637e-01 6.242498787249766146e-01
0.000000000000000000e+00 0.000000000000000000e+00 0.000000000000000000e+00 0.000000000000000000e+00 0.000000000000000000e+00 0.000000000000000000e+00 0.000000000000000000e+00
9.858961289688827900e-01 9.948783882600142903e-01 9.974442706758930299e-01 9.975155113858689138e-01 9.919928035338215766e-01 8.932801473943241533e-01 3.373660772639045513e-01
9.752527447269513372e-01 9.819985853905032203e-01 9.803814459175690388e-01 9.818513698597872708e-01 9.801046979913282664e-01 7.037571078473774389e-01 8.993806966185292628e-01
8.942727982153105826e-01 8.666301788257702032e-01 8.286396826692760120e-01 6.987288206320702022e-01 5.987109967103185770e-01 7.265291298697357236e-01 9.221257240822553491e-01
9.894751606281753098e-01 9.823112782827068123e-01 9.807356135324526436e-01 9.768982734459149553e-01 9.513464921992328405e-01 9.531772752287192008e-01 9.791210630444604490e-01
0.000000000000000000e+00 0.000000000000000000e+00 0.000000000000000000e+00 0.000000000000000000e+00 0.000000000000000000e+00 0.000000000000000000e+00 0.000000000000000000e+00
0.000000000000000000e+00 0.000000000000000000e+00 0.000000000000000000e+00 0.000000000000000000e+00 0.000000000000000000e+00 0.000000000000000000e+00 0.000000000000000000e+00
0.000000000000000000e+00 0.000000000000000000e+00 0.000000000000000000e+00 0.000000000000000000e+00 0.000000000000000000e+00 0.000000000000000000e+00 0.000000000000000000e+00
9.933842719385733711e-01 9.958665737649602390e-01 9.942960412938376402e-01 9.917538331923645423e-01 9.901312019472726655e-01 8.406860851154490666e-01 4.920487527670588390e-01
9.790952717650032167e-01 9.769360700409228659e-01 9.874385086672735623e-01 9.903469428728343127e-01 9.915358526515084536e-01 9.692719937018168253e-01 7.260066690530211364e-01
9.970706264915383255e-01 9.971316129299239162e-01 9.969829556445107821e-01 9.970677526409587044e-01 9.949638458574007194e-01 9.836731061295740375e-01 9.435162361503363071e-01
9.938942633661627113e-01 9.931789925693228493e-01 9.910394238433481995e-01 9.860225691783387481e-01 9.450211086700278651e-01 4.346798066962704876e-01 3.991998222363971061e-01
9.935834582515730151e-01 9.939300671107297314e-01 9.894543796523280754e-01 9.865934782136137615e-01 8.807012636571511788e-01 6.756588195305288647e-01 8.127908626081797872e-01
9.962059569296010109e-01 9.967234876543217270e-01 9.962523872722713891e-01 9.490533919443158162e-01 4.471611837803975975e-01 4.559604489636351898e-01 4.846054402575191711e-01
9.897705391074911319e-01 9.836219434764914560e-01 9.834008773050139096e-01 9.821259937890004510e-01 9.385149055875714463e-01 4.888391256840869392e-01 3.962507756825299765e-01
9.848688765348436736e-01 9.735929128960872925e-01 9.673034097765308426e-01 9.810803396068105142e-01 9.319734236991668030e-01 9.770782588761007803e-01 9.890820189420909125e-01
