1.547560929956416658e+02 1.552560929956416658e+02 1.542560929956416658e+02 1.512560929956416658e+02 1.510060929956416658e+02 1.550060929956416658e+02 1.487560929956416658e+02
1.616758121421590886e+02 1.601758121421590886e+02 1.579258121421590886e+02 1.559258121421590886e+02 1.564258121421590886e+02 1.484258121421590886e+02 1.516758121421590886e+02
1.516286115021586625e+02 1.486286115021586625e+02 1.571286115021586625e+02 1.601286115021586625e+02 1.553786115021586625e+02 1.058786115021586625e+02 1.481286115021586625e+02
1.414069109198494516e+02 1.404069109198494516e+02 1.449069109198494516e+02 2.089069109198494516e+02 1.301569109198494516e+02 2.416569109198494516e+02 2.751569109198494516e+02
5.931636136811175675e+01 1.450663613681117567e+02 3.193163613681117567e+02 2.650663613681117567e+02 3.316361368111756747e+00 8.431636136811175675e+01 1.105663613681117567e+02
1.487890469742681034e+02 1.490390469742681034e+02 1.487890469742681034e+02 1.435390469742681034e+02 1.425390469742681034e+02 1.477890469742681034e+02 1.450390469742681034e+02
1.442531049536753471e+02 1.470031049536753471e+02 1.482531049536753471e+02 1.455031049536753471e+02 1.432531049536753471e+02 1.430031049536753471e+02 1.295031049536753471e+02
0.000000000000000000e+00 0.000000000000000000e+00 0.000000000000000000e+00 0.000000000000000000e+00 0.000000000000000000e+00 0.000000000000000000e+00 0.000000000000000000e+00
1.465905503089043123e+02 1.483405503089043123e+02 1.510905503089043123e+02 1.530905503089043123e+02 1.543405503089043123e+02 1.480905503089043123e+02 1.400905503089043123e+02
1.429739966652344094e+02 1.474739966652344094e+02 1.492239966652344094e+02 1.539739966652344094e+02 1.614739966652344094e+02 1.692239966652344094e+02 1.459739966652344094e+02
1.570494538738320500e+02 1.540494538738320500e+02 1.492994538738320500e+02 1.517994538738320500e+02 1.585494538738320500e+02 1.610494538738320500e+02 1.407994538738320500e+02
1.476299707702643218e+02 1.503799707702643218e+02 1.503799707702643218e+02 1.513799707702643218e+02 1.698799707702643218e+02 1.683799707702643218e+02 1.523799707702643218e+02
0.000000000000000000e+00 0.000000000000000000e+00 0.000000000000000000e+00 0.000000000000000000e+00 0.000000000000000000e+00 0.000000000000000000e+00 0.000000000000000000e+00
0.000000000000000000e+00 0.000000000000000000e+00 0.000000000000000000e+00 0.000000000000000000e+00 0.000000000000000000e+00 0.000000000000000000e+00 0.000000000000000000e+00
0.000000000000000000e+00 0.000000000000000000e+00 0.000000000000000000e+00 0.000000000000000000e+00 0.000000000000000000e+00 0.000000000000000000e+00 0.000000000000000000e+00
1.456880629974535850e+02 1.459380629974535850e+02 1.476880629974535850e+02 1.521880629974535850e+02 1.476880629974535850e+02 1.386880629974535850e+02 1.674380629974535850e+02
1.497832256979832550e+02 1.472832256979832550e+02 1.497832256979832550e+02 1.517832256979832550e+02 1.542832256979832550e+02 1.637832256979832550e+02 1.617832256979832550e+02
1.448824028224780420e+02 1.466324028224780420e+02 1.478824028224780420e+02 1.453824028224780420e+02 1.441324028224780420e+02 1.433824028224780420e+02 1.493824028224780420e+02
1.537368745315806109e+02 1.549868745315806109e+02 1.544868745315806109e+02 1.522368745315806109e+02 1.504868745315806109e+02 1.452368745315806109e+02 1.514868745315806109e+02
1.434209414781160490e+02 1.454209414781160490e+02 1.494209414781160490e+02 1.429209414781160490e+02 1.236709414781160490e+02 4.767094147811604898e+01 4.242094147811604898e+01
1.386123672077970923e+02 1.413623672077970923e+02 1.428623672077970923e+02 1.318623672077970923e+02 9.386236720779709231e+01 6.886236720779709231e+01 7.086236720779709231e+01
1.467810171547536129e+02 1.522810171547536129e+02 1.527810171547536129e+02 1.515310171547536129e+02 1.495310171547536129e+02 1.680310171547536129e+02 8.203101715475361289e+01
1.477067958642073791e+02 1.434567958642073791e+02 1.384567958642073791e+02 1.457067958642073791e+02 1.574567958642073791e+02 1.507067958642073791e+02 1.479567958642073791e+02
