6.686871159525250574e-01 6.333921773818258494e-01 5.246513497425598915e-01 3.662007702709289547e-01 5.245703707463942322e-01 1.392446236058045572e-01 3.105134133139518804e-01
9.301432251074610580e-01 8.807608940477287263e-01 8.904026444363986048e-01 8.991142834452513499e-01 9.365930825647493796e-01 7.812360902032325916e-01 6.249491806697619056e-01
8.523292664316018952e-01 8.199911076369720275e-01 5.786183100755611930e-01 1.895083979807626329e-01 2.126889566703028533e-01 2.470412647163779118e-01 1.761563588544531600e-01
9.618644469483742521e-01 8.776230139300663646e-01 8.180028154835535803e-01 6.491186474114657434e-01 2.704146797546156944e-01 4.557284744718823055e-01 3.341170952470458033e-01
8.248998692798233112e-02 1.142097432504541460e-01 4.109969368295212505e-02 2.686759852011044725e-01 6.034136423915456016e-01 3.655110459979553084e-01 5.777096936119229253e-01
9.133801107740716629e-01 8.205213070803440978e-01 7.844875922935530266e-01 6.135762900070175219e-01 3.207747094910853858e-01 3.001950327023846232e-01 8.828961234021193150e-02
9.122967692339547519e-01 8.844141916158342331e-01 8.670149699683331601e-01 5.146978485780424606e-01 1.260422246007147085e-01 1.119015281978402304e-01 2.685163379342210277e-01
0.000000000000000000e+00 0.000000000000000000e+00 0.000000000000000000e+00 0.000000000000000000e+00 0.000000000000000000e+00 0.000000000000000000e+00 0.000000000000000000e+00
1.167189942973538286e-01 1.604972831101728614e-01 1.527336992317583630e-01 4.169221211305328134e-02 1.395555933786229441e-01 2.761023667990353814e-01 2.702244072633801508e-01
9.147914557610843378e-01 9.578079494385579595e-01 9.516336302960128890e-01 9.481596605024885660e-01 8.419387924279699842e-01 7.611742519441546673e-01 4.611415807970558056e-01
9.836958860148798944e-01 9.810536939971468140e-01 9.772940408498106413e-01 9.885215047638462593e-01 9.807917372988231852e-01 9.276439026842644431e-01 9.534799666394659923e-01
9.875889134532737090e-01 9.843011507920174097e-01 8.902266259555662309e-01 8.456195211711260429e-01 7.443711159206198857e-01 7.186684282379641742e-01 8.186643361507854877e-01
0.000000000000000000e+00 0.000000000000000000e+00 0.000000000000000000e+00 0.000000000000000000e+00 0.000000000000000000e+00 0.000000000000000000e+00 0.000000000000000000e+00
0.000000000000000000e+00 0.000000000000000000e+00 0.000000000000000000e+00 0.000000000000000000e+00 0.000000000000000000e+00 0.000000000000000000e+00 0.000000000000000000e+00
0.000000000000000000e+00 0.000000000000000000e+00 0.000000000000000000e+00 0.000000000000000000e+00 0.000000000000000000e+00 0.000000000000000000e+00 0.000000000000000000e+00
2.493930158017572396e-01 2.088238209318756533e-01 3.629665584140358559e-01 4.525972672199146118e-01 2.500740603144807617e-01 4.832597379661093817e-01 3.733694726579635526e-01
7.110461708015171078e-01 7.555446528648919191e-01 4.599759901134016227e-01 1.865065723768809802e-01 4.947584339305325374e-01 5.368266257877133407e-01 2.301740594382051253e-01
8.337273099209618898e-01 7.641880799793465684e-01 6.208501933077339441e-01 7.398066603260423646e-01 8.009529332761116116e-01 3.558563415472581343e-02 1.225601945192828640e-01
7.074491968546511300e-01 7.903707826095170974e-01 6.140405553240494418e-01 2.959997491390739532e-01 5.253600372220724735e-01 5.076114763125453289e-01 5.812083868254462882e-01
3.910811509432453037e-01 4.789479265795680285e-01 4.375460904819659658e-01 2.401859691432251254e-01 1.930513341829938612e-01 5.759947179063761302e-01 6.280267935700389881e-01
9.321876757063216612e-01 1.389125833891002582e-01 5.376086219907295627e-01 3.934289875262468317e-01 2.056891870494400310e-01 2.595155974459804615e-01 5.737431881014897622e-02
9.523136073684197456e-01 9.455007361039691194e-01 8.836218876137852396e-01 7.366160606959804014e-01 6.373639407040483651e-02 1.311073544608044594e-01 1.846604738368243237e-01
8.636411825321386182e-01 8.212701911214902450e-01 6.182832435692069417e-01 4.975540245680361573e-01 5.296624352399399438e-01 6.501930067046863826e-01 7.568099101352107061e-01
