1.357560929956416658e+02 1.485060929956416658e+02 1.470060929956416658e+02 1.650060929956416658e+02 1.550060929956416658e+02 3.092560929956416658e+02 2.297560929956416658e+02
1.409258121421590886e+02 1.461758121421590886e+02 1.524258121421590886e+02 1.566758121421590886e+02 1.406758121421590886e+02 1.311758121421590886e+02 1.621758121421590886e+02
1.613786115021586625e+02 1.656286115021586625e+02 1.698786115021586625e+02 2.593786115021586625e+02 2.531286115021586625e+02 2.471286115021586625e+02 2.286286115021586625e+02
1.491569109198494516e+02 1.536569109198494516e+02 1.551569109198494516e+02 1.839069109198494516e+02 2.466569109198494516e+02 2.901569109198494516e+02 2.601569109198494516e+02
1.490663613681117567e+02 1.468163613681117567e+02 7.431636136811175675e+01 3.063163613681117567e+02 3.143163613681117567e+02 2.553163613681117567e+02 1.908163613681117567e+02
1.432890469742681034e+02 1.350390469742681034e+02 1.250390469742681034e+02 1.612890469742681034e+02 2.770390469742681034e+02 3.360390469742681034e+02 2.667890469742681034e+02
1.502531049536753471e+02 1.535031049536753471e+02 1.595031049536753471e+02 1.532531049536753471e+02 3.067531049536753471e+02 2.000031049536753471e+02 1.952531049536753471e+02
0.000000000000000000e+00 0.000000000000000000e+00 0.000000000000000000e+00 0.000000000000000000e+00 0.000000000000000000e+00 0.000000000000000000e+00 0.000000000000000000e+00
1.568405503089043123e+02 1.018405503089043123e+02 9.409055030890431226e+01 2.533405503089043123e+02 1.158405503089043123e+02 6.834055030890431226e+01 2.663405503089043123e+02
1.339739966652343810e+02 1.297239966652343810e+02 1.292239966652343810e+02 1.439739966652343810e+02 1.592239966652343810e+02 1.462239966652343810e+02 1.342239966652343810e+02
1.507994538738320216e+02 1.510494538738320216e+02 1.535494538738320216e+02 1.600494538738320216e+02 1.620494538738320216e+02 1.540494538738320216e+02 1.532994538738320216e+02
1.536299707702643218e+02 1.568799707702643218e+02 1.546299707702643218e+02 1.461299707702643218e+02 1.436299707702643218e+02 1.308799707702643218e+02 1.508799707702643218e+02
0.000000000000000000e+00 0.000000000000000000e+00 0.000000000000000000e+00 0.000000000000000000e+00 0.000000000000000000e+00 0.000000000000000000e+00 0.000000000000000000e+00
0.000000000000000000e+00 0.000000000000000000e+00 0.000000000000000000e+00 0.000000000000000000e+00 0.000000000000000000e+00 0.000000000000000000e+00 0.000000000000000000e+00
0.000000000000000000e+00 0.000000000000000000e+00 0.000000000000000000e+00 0.000000000000000000e+00 0.000000000000000000e+00 0.000000000000000000e+00 0.000000000000000000e+00
1.499380629974535850e+02 2.119380629974535850e+02 2.724380629974535850e+02 1.741880629974535850e+02 7.518806299745358501e+01 2.154380629974535850e+02 2.221880629974535850e+02
1.545332256979832550e+02 1.627832256979832550e+02 1.500332256979832550e+02 1.792832256979832550e+02 1.042832256979832550e+02 8.903322569798325503e+01 7.703322569798325503e+01
1.483824028224780704e+02 1.576324028224780704e+02 1.576324028224780704e+02 1.668824028224780704e+02 1.731324028224780704e+02 4.263240282247807045e+01 3.396324028224780704e+02
1.107368745315806109e+02 1.229868745315806109e+02 1.332368745315806109e+02 1.407368745315806109e+02 2.648687453158061089e+01 3.182368745315806109e+02 2.882368745315806109e+02
1.474209414781160490e+02 1.651709414781160490e+02 1.666709414781160490e+02 2.079209414781160490e+02 2.331709414781160490e+02 2.154209414781160490e+02 2.096709414781160490e+02
1.686123672077970923e+02 1.646123672077970923e+02 9.862367207797092306e+00 7.862367207797092306e+00 3.612367207797092306e+00 1.931123672077970923e+02 1.913623672077970923e+02
1.595310171547536129e+02 1.592810171547536129e+02 1.587810171547536129e+02 1.492810171547536129e+02 2.482810171547536129e+02 2.495310171547536129e+02 2.017810171547536129e+02
1.529567958642073791e+02 1.509567958642073791e+02 1.744567958642073791e+02 1.957067958642073791e+02 1.382067958642073791e+02 1.282067958642073791e+02 1.392067958642073791e+02
