0.000000000000000000e+00 0.000000000000000000e+00 0.000000000000000000e+00 0.000000000000000000e+00 0.000000000000000000e+00 0.000000000000000000e+00 0.000000000000000000e+00
0.000000000000000000e+00 0.000000000000000000e+00 0.000000000000000000e+00 0.000000000000000000e+00 0.000000000000000000e+00 0.000000000000000000e+00 0.000000000000000000e+00
9.797083249182002573e-01 9.468510296894865341e-01 9.084224772439480899e-01 6.844658702968794417e-01 1.601455172704140117e-01 3.113763109368559157e-01 2.452062352629079678e-01
8.670152057991705741e-01 8.391745898384651570e-01 8.231838112086895531e-01 4.736739105370648129e-01 5.000343637596901258e-01 1.979414210986527312e-01 4.399427265791289871e-02
8.244633958084691960e-02 8.758405840246621943e-02 3.722083449176528114e-01 1.549838216914838085e-01 3.721081371281563244e-01 2.562662384990876396e-01 1.943471577521336813e-01
9.448151410537314332e-01 9.395429407248315767e-01 9.357204132648854200e-01 9.335514875490881215e-01 8.053019250099553439e-01 2.005173185533246916e-01 2.258448572336131666e-01
9.954860937835859902e-01 9.951106632516881767e-01 9.938685881677720158e-01 9.895770365301478355e-01 9.724510397758556746e-01 6.518310226582429978e-01 1.490605286235716920e-01
0.000000000000000000e+00 0.000000000000000000e+00 0.000000000000000000e+00 0.000000000000000000e+00 0.000000000000000000e+00 0.000000000000000000e+00 0.000000000000000000e+00
9.869679850502192098e-01 9.958134875065581815e-01 9.967370815000865525e-01 9.908393745102520578e-01 9.413405144397607449e-01 2.926600118869619460e-01 8.848057441103994447e-02
9.731700031869092715e-01 9.794147024217347841e-01 9.764412082222529987e-01 9.751806448938122873e-01 9.767423642872180567e-01 6.748304457882353669e-01 3.561434210730421435e-01
8.968844343679750475e-01 8.716880841960460424e-01 8.184750608418048801e-01 6.389102119727855245e-01 5.297670218191741220e-01 1.730979638628561967e-01 9.642354881999910809e-02
9.891857166954780567e-01 9.801614614354745569e-01 9.775879325344538628e-01 9.713281894193267485e-01 9.393572379836050423e-01 9.291188897512165923e-01 4.075709037467217799e-01
0.000000000000000000e+00 0.000000000000000000e+00 0.000000000000000000e+00 0.000000000000000000e+00 0.000000000000000000e+00 0.000000000000000000e+00 0.000000000000000000e+00
0.000000000000000000e+00 0.000000000000000000e+00 0.000000000000000000e+00 0.000000000000000000e+00 0.000000000000000000e+00 0.000000000000000000e+00 0.000000000000000000e+00
0.000000000000000000e+00 0.000000000000000000e+00 0.000000000000000000e+00 0.000000000000000000e+00 0.000000000000000000e+00 0.000000000000000000e+00 0.000000000000000000e+00
9.929431376592218195e-01 9.948239653538241134e-01 9.920927113540546349e-01 9.878781735695428834e-01 9.413504813762056944e-01 5.197096093809806527e-01 7.979400553182237898e-02
9.803019767670451134e-01 9.777162368172521711e-01 9.834507467358715171e-01 9.788995324121634312e-01 9.084775065960054574e-01 4.680805701640361471e-01 4.104176955052210030e-01
9.937024201225718167e-01 9.938219366106029184e-01 9.935332538256386181e-01 9.935632454503372513e-01 9.911694564235800087e-01 9.660064452120447065e-01 4.916662590382994136e-01
9.923591819600667829e-01 9.889148523837005822e-01 9.703758742865526976e-01 8.500250912336511089e-01 1.713063925949475930e-01 1.286689469712513911e-01 2.990000780234139954e-01
9.898604662876983040e-01 9.904546194793025782e-01 9.808069131015145770e-01 8.967548290712555881e-01 3.825374709467758150e-01 3.699738106690322881e-01 8.961263442117289868e-02
9.957796862606403954e-01 9.960485450988196821e-01 9.946325950131970073e-01 9.691578717576376789e-01 5.400537511609274643e-01 2.653249775219072015e-01 1.697614997965667949e-01
9.860581013120646166e-01 9.823760726865832238e-01 9.808487206478543330e-01 9.472097201894109642e-01 7.119753451049604109e-01 1.331800312487162186e-01 1.285456766143911744e-01
9.853517402648335199e-01 9.723261777604957912e-01 9.616867704219369539e-01 9.759901934441085336e-01 9.223078314495792851e-01 9.664184271095410672e-01 9.756862731554623025e-01
