0.000000000000000000e+00 0.000000000000000000e+00 0.000000000000000000e+00 0.000000000000000000e+00 0.000000000000000000e+00 0.000000000000000000e+00 0.000000000000000000e+00
0.000000000000000000e+00 0.000000000000000000e+00 0.000000000000000000e+00 0.000000000000000000e+00 0.000000000000000000e+00 0.000000000000000000e+00 0.000000000000000000e+00
1.301286115021586625e+02 1.293786115021586625e+02 1.386286115021586625e+02 1.413786115021586625e+02 1.303786115021586625e+02 1.386286115021586625e+02 3.248786115021586625e+02
1.239069109198494516e+02 1.226569109198494516e+02 1.351569109198494516e+02 3.586569109198494516e+02 6.906910919849451602e+00 1.869069109198494516e+02 3.565691091984945160e+01
2.903163613681117567e+02 2.498163613681117567e+02 2.623163613681117567e+02 2.690663613681117567e+02 8.481636136811175675e+01 8.056636136811175675e+01 2.815663613681117567e+02
1.270390469742681034e+02 1.270390469742681034e+02 1.262890469742681034e+02 1.207890469742681034e+02 1.185390469742681034e+02 1.255390469742681034e+02 1.547890469742681034e+02
1.225031049536753471e+02 1.252531049536753471e+02 1.265031049536753471e+02 1.232531049536753471e+02 1.185031049536753471e+02 1.060031049536753471e+02 1.650310495367534713e+01
0.000000000000000000e+00 0.000000000000000000e+00 0.000000000000000000e+00 0.000000000000000000e+00 0.000000000000000000e+00 0.000000000000000000e+00 0.000000000000000000e+00
1.250905503089043123e+02 1.275905503089043123e+02 1.318405503089043123e+02 1.338405503089043123e+02 1.275905503089043123e+02 1.180905503089043123e+02 1.409055030890431226e+01
1.212239966652344094e+02 1.257239966652344094e+02 1.274739966652344094e+02 1.329739966652344094e+02 1.412239966652344094e+02 1.469739966652344094e+02 1.372239966652344094e+02
1.355494538738320500e+02 1.325494538738320500e+02 1.275494538738320500e+02 1.272994538738320500e+02 1.307994538738320500e+02 2.050494538738320500e+02 1.500494538738320500e+02
1.258799707702643218e+02 1.291299707702643218e+02 1.296299707702643218e+02 1.303799707702643218e+02 1.478799707702643218e+02 1.441299707702643218e+02 1.233799707702643218e+02
0.000000000000000000e+00 0.000000000000000000e+00 0.000000000000000000e+00 0.000000000000000000e+00 0.000000000000000000e+00 0.000000000000000000e+00 0.000000000000000000e+00
0.000000000000000000e+00 0.000000000000000000e+00 0.000000000000000000e+00 0.000000000000000000e+00 0.000000000000000000e+00 0.000000000000000000e+00 0.000000000000000000e+00
0.000000000000000000e+00 0.000000000000000000e+00 0.000000000000000000e+00 0.000000000000000000e+00 0.000000000000000000e+00 0.000000000000000000e+00 0.000000000000000000e+00
1.244380629974535850e+02 1.246880629974535850e+02 1.259380629974535850e+02 1.306880629974535850e+02 1.314380629974535850e+02 1.269380629974535850e+02 3.444380629974535850e+02
1.280332256979832550e+02 1.250332256979832550e+02 1.277832256979832550e+02 1.315332256979832550e+02 1.317832256979832550e+02 1.150332256979832550e+02 1.285332256979832550e+02
1.231324028224780420e+02 1.248824028224780420e+02 1.261324028224780420e+02 1.238824028224780420e+02 1.228824028224780420e+02 1.218824028224780420e+02 1.283824028224780420e+02
1.317368745315806109e+02 1.324868745315806109e+02 1.312368745315806109e+02 1.257368745315806109e+02 1.067368745315806109e+02 2.867368745315806109e+02 3.219868745315806109e+02
1.216709414781160490e+02 1.236709414781160490e+02 1.284209414781160490e+02 1.264209414781160490e+02 1.404209414781160490e+02 2.711709414781160490e+02 3.504209414781160490e+02
1.173623672077970923e+02 1.201123672077970923e+02 1.221123672077970923e+02 1.133623672077970923e+02 7.811236720779709231e+01 4.836236720779709231e+01 2.513623672077970923e+02
1.247810171547536129e+02 1.292810171547536129e+02 1.292810171547536129e+02 1.297810171547536129e+02 1.297810171547536129e+02 6.403101715475361289e+01 3.450310171547536129e+02
1.262067958642073791e+02 1.217067958642073791e+02 1.167067958642073791e+02 1.239567958642073791e+02 1.362067958642073791e+02 1.297067958642073791e+02 1.262067958642073791e+02
