0.000000000000000000e+00 0.000000000000000000e+00 0.000000000000000000e+00 0.000000000000000000e+00 0.000000000000000000e+00 0.000000000000000000e+00 0.000000000000000000e+00
0.000000000000000000e+00 0.000000000000000000e+00 0.000000000000000000e+00 0.000000000000000000e+00 0.000000000000000000e+00 0.000000000000000000e+00 0.000000000000000000e+00
8.740078592411419933e-01 8.004890162661262298e-01 4.483846143338927615e-01 1.672096403289047850e-01 1.214517473070015063e-01 2.222022260121173654e-01 1.496845354348640966e-01
9.181852629416943357e-01 5.290194802073957536e-01 4.186316827395378248e-01 1.515290943288532255e-01 1.397690691313387967e-01 1.621506617176039500e-01 6.468384390331297085e-02
2.871256988345003425e-01 1.691202031083994806e-01 3.735663900948099636e-01 3.471583499597898359e-01 2.221947721659629782e-01 2.714705711311726777e-01 5.872863009106381593e-01
9.157110974908623247e-01 7.895372645507253706e-01 7.246342830451886208e-01 5.224602082549750781e-01 1.709952585748275578e-01 4.970533175165314232e-01 1.138185604989896405e-01
8.635424875028543390e-01 7.753290415869079633e-01 4.939801912481305290e-01 2.212765733199011930e-01 3.599827870755482051e-01 2.403220930441214709e-01 8.658665644067572997e-02
0.000000000000000000e+00 0.000000000000000000e+00 0.000000000000000000e+00 0.000000000000000000e+00 0.000000000000000000e+00 0.000000000000000000e+00 0.000000000000000000e+00
7.026103309152569032e-02 2.930827700738130592e-01 1.657290865599147511e-01 1.685277973639554006e-01 2.722593782697742548e-01 1.045699422167755827e-01 5.577880902005014629e-01
9.149152882439344214e-01 9.566970845463551587e-01 9.532810835747774769e-01 9.155747408746561788e-01 6.614879171600260843e-01 3.636855470087484443e-01 1.280621504957016876e-01
9.843924464745689162e-01 9.785514471085657862e-01 9.604470774621193252e-01 8.697869856719633308e-01 7.687187484629438572e-01 1.659954042615925662e-01 2.107105031331340042e-02
9.854788122915987270e-01 9.799817679834154083e-01 8.168903852786986164e-01 6.888038751280460836e-01 4.299848961847860807e-01 1.964158170921980473e-01 5.615776607221865113e-01
0.000000000000000000e+00 0.000000000000000000e+00 0.000000000000000000e+00 0.000000000000000000e+00 0.000000000000000000e+00 0.000000000000000000e+00 0.000000000000000000e+00
0.000000000000000000e+00 0.000000000000000000e+00 0.000000000000000000e+00 0.000000000000000000e+00 0.000000000000000000e+00 0.000000000000000000e+00 0.000000000000000000e+00
0.000000000000000000e+00 0.000000000000000000e+00 0.000000000000000000e+00 0.000000000000000000e+00 0.000000000000000000e+00 0.000000000000000000e+00 0.000000000000000000e+00
8.249593406172485432e-02 3.081646454716489569e-01 2.318451846153840590e-01 5.248824265710540921e-02 3.442864365481258099e-02 3.185396226004901243e-01 4.951502662863510040e-01
6.448587647672961998e-01 2.281663518422877568e-01 3.038822614865033592e-02 2.239970931680765054e-01 3.101127443630862790e-01 6.723938892771593734e-01 7.838957505413153282e-01
8.301420176093025072e-01 7.139622229442228463e-01 5.756843354789445977e-01 5.524006049174650101e-01 1.893060695398230131e-01 2.732243357062156264e-01 9.980555692808243395e-02
1.139793729049081994e-01 1.140365135385600082e-01 1.299433600739517136e-01 1.595525167092797791e-01 2.473370189962653676e-01 1.435265994843432924e-01 4.558016384746703120e-01
3.459469033261020066e-01 1.172219420072645318e-01 1.564538212591838895e-01 3.604365861642687685e-01 3.003860056389303645e-01 7.789157055853125344e-01 3.537358215632945835e-01
9.232435278273536383e-01 8.445544654395059636e-01 4.066785888460135445e-01 4.042609762619233660e-01 2.144248785224891762e-01 2.625795007645767010e-01 1.913444567902528315e-01
8.770541557997275639e-01 7.901846621130589332e-01 2.119867986994953823e-01 3.177081331264898223e-01 2.601615953201636966e-01 2.446666563116028925e-01 5.224316411685471229e-01
8.599277666954382449e-01 8.188298879719634327e-01 6.255071143636363740e-01 4.875046413683022384e-01 5.039140380665593222e-01 6.577493085149829222e-01 7.381907068749306022e-01
