0.000000000000000000e+00 0.000000000000000000e+00 0.000000000000000000e+00 0.000000000000000000e+00 0.000000000000000000e+00 0.000000000000000000e+00 0.000000000000000000e+00
0.000000000000000000e+00 0.000000000000000000e+00 0.000000000000000000e+00 0.000000000000000000e+00 0.000000000000000000e+00 0.000000000000000000e+00 0.000000000000000000e+00
1.313786115021586625e+02 1.398786115021586625e+02 1.633786115021586625e+02 3.041286115021586625e+02 3.561286115021586625e+02 1.046286115021586625e+02 3.478786115021586625e+02
1.284069109198494516e+02 1.361569109198494516e+02 1.721569109198494516e+02 1.674069109198494516e+02 9.090691091984945160e+01 1.444069109198494516e+02 3.564069109198494516e+02
9.881636136811175675e+01 1.880663613681117567e+02 2.418163613681117567e+02 2.653163613681117567e+02 7.131636136811175675e+01 3.385663613681117567e+02 2.763163613681117567e+02
1.210390469742681034e+02 1.082890469742681034e+02 1.067890469742681034e+02 1.265390469742681034e+02 7.953904697426810344e+01 1.562890469742681034e+02 1.357890469742681034e+02
1.347531049536753471e+02 1.257531049536753471e+02 1.217531049536753471e+02 1.400031049536753471e+02 2.042531049536753471e+02 6.100310495367534713e+01 1.305031049536753471e+02
0.000000000000000000e+00 0.000000000000000000e+00 0.000000000000000000e+00 0.000000000000000000e+00 0.000000000000000000e+00 0.000000000000000000e+00 0.000000000000000000e+00
1.433405503089043123e+02 1.270905503089043123e+02 3.190905503089043123e+02 1.543405503089043123e+02 1.635905503089043123e+02 2.065905503089043123e+02 2.988405503089043123e+02
1.122239966652343810e+02 1.072239966652343810e+02 1.052239966652343810e+02 1.177239966652343810e+02 1.407239966652343810e+02 1.334739966652343810e+02 1.454739966652343810e+02
1.297994538738320216e+02 1.305494538738320216e+02 1.337994538738320216e+02 1.525494538738320216e+02 1.537994538738320216e+02 1.110494538738320216e+02 1.090494538738320216e+02
1.326299707702643218e+02 1.363799707702643218e+02 1.301299707702643218e+02 1.041299707702643218e+02 8.862997077026432180e+01 8.562997077026432180e+01 1.116299707702643218e+02
0.000000000000000000e+00 0.000000000000000000e+00 0.000000000000000000e+00 0.000000000000000000e+00 0.000000000000000000e+00 0.000000000000000000e+00 0.000000000000000000e+00
0.000000000000000000e+00 0.000000000000000000e+00 0.000000000000000000e+00 0.000000000000000000e+00 0.000000000000000000e+00 0.000000000000000000e+00 0.000000000000000000e+00
0.000000000000000000e+00 0.000000000000000000e+00 0.000000000000000000e+00 0.000000000000000000e+00 0.000000000000000000e+00 0.000000000000000000e+00 0.000000000000000000e+00
2.109380629974535850e+02 2.876880629974535850e+02 3.066880629974535850e+02 3.154380629974535850e+02 3.159380629974535850e+02 9.568806299745358501e+01 1.056880629974535850e+02
1.447832256979832550e+02 1.527832256979832550e+02 2.710332256979832550e+02 1.567832256979832550e+02 1.220332256979832550e+02 1.322832256979832550e+02 1.345332256979832550e+02
1.241324028224780704e+02 1.296324028224780704e+02 1.248824028224780704e+02 1.313824028224780704e+02 1.253824028224780704e+02 2.058824028224780704e+02 1.168824028224780704e+02
1.227368745315806109e+02 1.752368745315806109e+02 1.704868745315806109e+02 1.637368745315806109e+02 1.204868745315806109e+02 5.548687453158061089e+01 3.152368745315806109e+02
1.099209414781160490e+02 1.909209414781160490e+02 2.574209414781160490e+02 5.467094147811604898e+01 1.121709414781160490e+02 1.934209414781160490e+02 9.192094147811604898e+01
1.453623672077970923e+02 1.481123672077970923e+02 1.208623672077970923e+02 6.011236720779709231e+01 7.486236720779709231e+01 2.006123672077970923e+02 6.811236720779709231e+01
1.440310171547536129e+02 1.447810171547536129e+02 1.560310171547536129e+02 2.003101715475361289e+01 7.153101715475361289e+01 3.030310171547536129e+02 2.957810171547536129e+02
1.317067958642073791e+02 1.294567958642073791e+02 1.522067958642073791e+02 1.789567958642073791e+02 1.142067958642073791e+02 1.044567958642073791e+02 1.389567958642073791e+02
